0 0 2.4206773618538326
0 1 2.520499108734403
0 2 2.5828877005347595
0 3 2.6381461675579323
0 4 2.663101604278075
0 5 2.839572192513369
0 6 2.9019607843137254
0 7 3.124777183600713
0 8 3.2602495543672014
0 9 3.3279857397504458
0 10 3.3957219251336896
1 0 1.819047619047619
1 1 1.9142857142857144
1 2 2.104761904761905
1 3 2.295238095238095
2 0 1.4
2 1 1.7
3 0 1.0
3 0 1.0
3 1 1.3333333333333333
4 0 1.0
2 0 1.6
3 0 1.5277777777777777
3 1 1.6388888888888888
4 0 1.4642857142857142
4 1 1.5
5 0 1.380952380952381
5 1 1.4285714285714286
6 0 1.2666666666666666
6 1 1.3333333333333333
7 0 1.1
7 1 1.2
7 2 1.3
8 0 1.0
8 1 1.1666666666666667
8 2 1.3333333333333333
9 0 1.0
9 1 1.3333333333333333
10 0 1.0
1 0 1.95906432748538
2 0 1.9150326797385622
2 1 2.0392156862745097
3 0 1.9044117647058822
3 1 1.9558823529411764
3 2 1.9852941176470589
3 3 2.0955882352941178
3 4 2.2720588235294117
3 5 2.4926470588235294
3 6 2.7941176470588234
4 0 1.6
4 1 2.066666666666667
5 0 1.3333333333333333
6 0 1.0
5 0 1.0
5 1 1.3333333333333333
6 0 1.0
4 0 1.6181818181818182
4 1 1.7454545454545454
5 0 1.5777777777777777
5 1 1.6
6 0 1.5277777777777777
6 1 1.5555555555555556
7 0 1.4642857142857142
7 1 1.5
8 0 1.380952380952381
8 1 1.4285714285714286
9 0 1.2666666666666666
9 1 1.3333333333333333
9 2 1.5333333333333334
10 0 1.2
10 1 1.3
11 0 1.0
11 1 1.1666666666666667
11 2 1.3333333333333333
12 0 1.0
12 1 1.3333333333333333
13 0 1.0