0 4941
1 2636
2 1484
3 729
4 621
5 314
6 197
7 114
8 57
9 38
10 15
11 5
12 2
12 3
13 2
11 10
12 5
13 3
14 2
13 2
12 5
13 2
13 3
14 2
10 23
11 10
12 5
13 4
14 3
15 2
12 5
13 3
14 2
13 2
11 13
12 4
13 3
14 2
12 9
13 5
14 4
15 3
16 2
13 4
14 2
14 2
9 19
10 8
11 6
12 5
13 4
14 2
14 2
11 2
10 11
11 6
12 3
13 2
12 3
13 2
11 5
12 3
13 2
12 2
8 57
9 21
10 11
11 2
11 9
12 6
13 5
14 3
15 2
14 2
12 3
13 2
10 10
11 5
12 4
13 3
14 2
11 5
12 2
12 3
13 2
9 36
10 20
11 15
12 8
13 2
13 6
14 5
15 4
16 2
16 2
12 7
13 4
14 3
15 2
13 3
14 2
11 5
12 4
13 2
13 2
10 16
11 8
12 5
13 2
13 3
14 2
12 3
13 2
11 8
12 4
13 2
13 2
12 4
13 2
13 2
7 83
8 65
9 40
10 23
11 12
12 8
13 4
14 3
15 2
13 4
14 3
15 2
12 4
13 3
14 2
11 11
12 3
13 2
12 8
13 7
14 3
15 2
14 4
15 3
16 2
10 17
11 9
12 5
13 4
14 3
15 2
12 4
13 3
14 2
11 8
12 6
13 3
14 2
13 3
14 2
12 2
9 25
10 16
11 13
12 10
13 8
14 5
15 4
16 3
17 2
14 3
15 2
13 2
12 3
13 2
11 3
12 2
10 9
11 5
12 4
13 3
14 2
11 4
12 2
12 2
8 18
9 9
10 2
10 7
11 5
12 3
13 2
12 2
11 2
9 9
10 6
11 4
12 3
13 2
11 2
10 3
11 2
6 117
7 45
8 24
9 9
10 5
11 3
12 2
11 2
10 4
11 3
12 2
9 15
10 11
11 5
12 2
12 3
13 2
11 6
12 2
12 4
13 2
13 2
10 4
11 3
12 2
8 21
9 11
10 7
11 2
11 5
12 2
12 3
13 2
10 4
11 2
11 2
9 10
10 5
11 3
12 2
11 2
10 5
11 4
12 3
13 2
7 72
8 15
9 7
10 2
10 5
11 3
12 2
11 2
9 8
10 4
11 2
11 2
10 4
11 2
11 2
8 57
9 28
10 21
11 11
12 6
13 2
13 4
14 3
15 2
12 5
13 3
14 2
13 2
11 10
12 5
13 2
13 3
14 2
12 5
13 3
14 2
13 2
10 7
11 4
12 2
12 2
11 3
12 2
9 29
10 21
11 18
12 11
13 6
14 3
15 2
14 3
15 2
13 5
14 2
14 3
15 2
12 7
13 2
13 5
14 4
15 2
15 2
11 3
12 2
10 8
11 4
12 3
13 2
11 4
12 3
13 2
5 307
6 131
7 34
8 11
9 6
10 3
11 2
10 3
11 2
9 5
10 2
10 3
11 2
8 23
9 14
10 7
11 5
12 3
13 2
12 2
11 2
10 7
11 4
12 2
12 2
11 3
12 2
9 9
10 7
11 5
12 2
12 3
13 2
11 2
10 2
7 97
8 46
9 23
10 12
11 9
12 6
13 5
14 3
15 2
14 2
12 3
13 2
11 3
12 2
10 11
11 6
12 3
13 2
12 3
13 2
11 5
12 2
12 3
13 2
9 23
10 12
11 5
12 2
12 3
13 2
11 7
12 3
13 2
12 4
13 2
13 2
10 11
11 6
12 3
13 2
12 3
13 2
11 5
12 3
13 2
12 2
8 51
9 23
10 16
11 8
12 6
13 5
14 3
15 2
14 2
12 2
11 8
12 5
13 4
14 3
15 2
12 3
13 2
10 7
11 2
11 5
12 3
13 2
12 2
9 28
10 12
11 6
12 3
13 2
12 3
13 2
11 6
12 4
13 3
14 2
12 2
10 16
11 7
12 5
13 4
14 2
14 2
12 2
11 9
12 5
13 2
13 3
14 2
12 4
13 3
14 2
6 176
7 105
8 75
9 49
10 32
11 18
12 9
13 4
14 2
14 2
13 5
14 2
14 3
15 2
12 9
13 4
14 2
14 2
13 5
14 2
14 3
15 2
11 14
12 8
13 4
14 2
14 2
13 4
14 2
14 2
12 6
13 3
14 2
13 3
14 2
10 17
11 9
12 6
13 3
14 2
13 3
14 2
12 3
13 2
11 8
12 5
13 2
13 3
14 2
12 3
13 2
9 26
10 14
11 6
12 3
13 2
12 3
13 2
11 8
12 4
13 3
14 2
12 4
13 2
13 2
10 12
11 6
12 3
13 2
12 3
13 2
11 6
12 3
13 2
12 3
13 2
8 30
9 14
10 10
11 6
12 3
13 2
12 3
13 2
11 4
12 2
12 2
10 4
11 2
11 2
9 16
10 7
11 2
11 5
12 3
13 2
12 2
10 9
11 7
12 3
13 2
12 4
13 2
13 2
11 2
7 71
8 29
9 21
10 16
11 9
12 4
13 2
13 2
12 5
13 4
14 3
15 2
11 7
12 5
13 4
14 3
15 2
12 2
10 5
11 3
12 2
11 2
9 8
10 2
10 6
11 3
12 2
11 3
12 2
8 42
9 19
10 9
11 5
12 2
12 3
13 2
11 4
12 2
12 2
10 10
11 5
12 2
12 3
13 2
11 5
12 3
13 2
12 2
9 23
10 11
11 5
12 2
12 3
13 2
11 6
12 3
13 2
12 3
13 2
10 12
11 8
12 4
13 2
13 2
12 4
13 3
14 2
11 4
12 2
12 2
4 108
5 93
6 68
7 22
8 11
9 4
10 2
10 2
9 7
10 6
11 5
12 4
13 3
14 2
8 11
9 5
10 4
11 3
12 2
9 6
10 3
11 2
10 3
11 2
7 46
8 32
9 15
10 2
10 13
11 3
12 2
11 10
12 6
13 4
14 2
14 2
13 2
12 4
13 3
14 2
9 17
10 15
11 8
12 4
13 2
13 2
12 4
13 2
13 2
11 7
12 2
12 5
13 3
14 2
13 2
10 2
8 14
9 12
10 4
11 2
11 2
10 8
11 4
12 3
13 2
11 4
12 2
12 2
9 2
6 25
7 13
8 7
9 2
9 5
10 3
11 2
10 2
8 6
9 4
10 3
11 2
9 2
7 12
8 6
9 3
10 2
9 3
10 2
8 6
9 2
9 4
10 2
10 2
5 15
6 5
7 2
7 3
8 2
6 10
7 5
8 2
8 3
9 2
7 5
8 3
9 2
8 2
3 755
4 540
5 411
6 311
7 194
8 144
9 127
10 64
11 33
12 26
13 11
14 8
15 5
16 4
17 2
17 2
15 3
16 2
14 3
15 2
13 15
14 8
15 4
16 3
17 2
15 4
16 2
16 2
14 7
15 3
16 2
15 4
16 3
17 2
12 7
13 3
14 2
13 4
14 2
14 2
11 31
12 17
13 8
14 4
15 2
15 2
14 4
15 3
16 2
13 9
14 4
15 3
16 2
14 5
15 4
16 2
16 2
12 14
13 6
14 4
15 3
16 2
14 2
13 8
14 6
15 4
16 3
17 2
15 2
14 2
10 63
11 32
12 27
13 10
14 6
15 3
16 2
15 3
16 2
14 4
15 2
15 2
13 17
14 7
15 5
16 3
17 2
16 2
15 2
14 10
15 8
16 3
17 2
16 5
17 4
18 2
18 2
15 2
12 5
13 2
13 3
14 2
11 31
12 17
13 13
14 10
15 8
16 5
17 4
18 3
19 2
16 3
17 2
15 2
14 3
15 2
13 4
14 2
14 2
12 14
13 10
14 5
15 3
16 2
15 2
14 5
15 2
15 3
16 2
13 4
14 2
14 2
9 17
10 4
11 2
11 2
10 13
11 11
12 9
13 6
14 5
15 4
16 2
16 2
13 3
14 2
12 2
11 2
8 50
9 37
10 18
11 9
12 6
13 4
14 3
15 2
13 2
12 3
13 2
11 9
12 4
13 2
13 2
12 5
13 2
13 3
14 2
10 19
11 13
12 10
13 7
14 5
15 4
16 3
17 2
14 2
13 3
14 2
12 3
13 2
11 6
12 3
13 2
12 3
13 2
9 13
10 8
11 5
12 4
13 3
14 2
11 3
12 2
10 5
11 2
11 3
12 2
7 117
8 55
9 26
10 13
11 9
12 3
13 2
12 6
13 5
14 4
15 2
15 2
11 4
12 2
12 2
10 13
11 7
12 3
13 2
12 4
13 2
13 2
11 6
12 3
13 2
12 3
13 2
9 29
10 15
11 10
12 5
13 2
13 3
14 2
12 5
13 4
14 3
15 2
11 5
12 3
13 2
12 2
10 14
11 7
12 3
13 2
12 4
13 2
13 2
11 7
12 3
13 2
12 4
13 2
13 2
8 62
9 39
10 19
11 12
12 6
13 4
14 2
14 2
13 2
12 6
13 4
14 2
14 2
13 2
11 7
12 4
13 2
13 2
12 3
13 2
10 20
11 7
12 2
12 5
13 4
14 3
15 2
11 13
12 3
13 2
12 10
13 7
14 3
15 2
14 4
15 2
15 2
13 3
14 2
9 23
10 12
11 9
12 4
13 2
13 2
12 5
13 2
13 3
14 2
11 3
12 2
10 11
11 7
12 5
13 4
14 3
15 2
12 2
11 4
12 2
12 2
6 100
7 33
8 9
9 6
10 3
11 2
10 3
11 2
9 3
10 2
8 24
9 11
10 9
11 5
12 4
13 2
13 2
11 4
12 3
13 2
10 2
9 13
10 5
11 2
11 3
12 2
10 8
11 4
12 3
13 2
11 4
12 2
12 2
7 67
8 31
9 22
10 11
11 4
12 2
12 2
11 7
12 4
13 2
13 2
12 3
13 2
10 11
11 3
12 2
11 8
12 4
13 2
13 2
12 4
13 2
13 2
9 9
10 5
11 3
12 2
11 2
10 4
11 2
11 2
8 36
9 18
10 9
11 4
12 2
12 2
11 5
12 3
13 2
12 2
10 9
11 5
12 2
12 3
13 2
11 4
12 2
12 2
9 18
10 10
11 5
12 4
13 3
14 2
11 5
12 2
12 3
13 2
10 8
11 5
12 2
12 3
13 2
11 3
12 2
5 129
6 47
7 18
8 10
9 7
10 5
11 2
11 3
12 2
10 2
9 3
10 2
8 8
9 2
9 6
10 3
11 2
10 3
11 2
7 29
8 20
9 16
10 7
11 5
12 4
13 3
14 2
11 2
10 9
11 6
12 4
13 3
14 2
12 2
11 3
12 2
9 4
10 2
10 2
8 9
9 4
10 2
10 2
9 5
10 2
10 3
11 2
6 82
7 55
8 28
9 21
10 11
11 6
12 3
13 2
12 3
13 2
11 5
12 2
12 3
13 2
10 10
11 5
12 4
13 2
13 2
11 5
12 3
13 2
12 2
9 7
10 3
11 2
10 4
11 2
11 2
8 27
9 23
10 16
11 8
12 6
13 5
14 4
15 2
15 2
12 2
11 8
12 4
13 2
13 2
12 4
13 2
13 2
10 7
11 2
11 5
12 3
13 2
12 2
9 4
10 3
11 2
7 27
8 11
9 7
10 3
11 2
10 4
11 2
11 2
9 4
10 2
10 2
8 16
9 9
10 5
11 2
11 3
12 2
10 4
11 3
12 2
9 7
10 3
11 2
10 4
11 2
11 2
4 215
5 141
6 70
7 45
8 26
9 15
10 8
11 4
12 2
12 2
11 4
12 3
13 2
10 7
11 3
12 2
11 4
12 2
12 2
9 11
10 5
11 2
11 3
12 2
10 6
11 3
12 2
11 3
12 2
8 19
9 12
10 8
11 4
12 3
13 2
11 4
12 3
13 2
10 4
11 2
11 2
9 7
10 3
11 2
10 4
11 2
11 2
7 25
8 15
9 9
10 5
11 2
11 3
12 2
10 4
11 2
11 2
9 6
10 2
10 4
11 3
12 2
8 10
9 5
10 2
10 3
11 2
9 5
10 3
11 2
10 2
6 71
7 48
8 33
9 14
10 7
11 2
11 5
12 3
13 2
12 2
10 7
11 4
12 3
13 2
11 3
12 2
9 19
10 10
11 6
12 2
12 4
13 3
14 2
11 4
12 2
12 2
10 9
11 7
12 4
13 2
13 2
12 3
13 2
11 2
8 15
9 6
10 3
11 2
10 3
11 2
9 9
10 5
11 2
11 3
12 2
10 4
11 2
11 2
7 23
8 9
9 5
10 2
10 3
11 2
9 4
10 3
11 2
8 14
9 7
10 3
11 2
10 4
11 2
11 2
9 7
10 4
11 2
11 2
10 3
11 2
5 74
6 39
7 22
8 11
9 5
10 3
11 2
10 2
9 6
10 3
11 2
10 3
11 2
8 11
9 6
10 3
11 2
10 3
11 2
9 5
10 2
10 3
11 2
7 17
8 8
9 5
10 3
11 2
10 2
9 3
10 2
8 9
9 4
10 3
11 2
9 5
10 3
11 2
10 2
6 35
7 30
8 11
9 6
10 2
10 4
11 2
11 2
9 5
10 2
10 3
11 2
8 19
9 9
10 6
11 3
12 2
11 3
12 2
10 3
11 2
9 10
10 5
11 2
11 3
12 2
10 5
11 2
11 3
12 2
7 5
8 3
9 2
8 2
2 1152
3 781
4 299
5 234
6 111
7 50
8 32
9 16
10 8
11 6
12 4
13 3
14 2
12 2
11 2
10 8
11 4
12 2
12 2
11 4
12 2
12 2
9 16
10 9
11 4
12 2
12 2
11 5
12 4
13 3
14 2
10 7
11 3
12 2
11 4
12 2
12 2
8 18
9 5
10 2
10 3
11 2
9 13
10 6
11 5
12 4
13 3
14 2
10 7
11 4
12 2
12 2
11 3
12 2
7 61
8 31
9 23
10 11
11 5
12 2
12 3
13 2
11 6
12 3
13 2
12 3
13 2
10 12
11 6
12 3
13 2
12 3
13 2
11 6
12 3
13 2
12 3
13 2
9 8
10 3
11 2
10 5
11 2
11 3
12 2
8 30
9 25
10 9
11 3
12 2
11 6
12 4
13 3
14 2
12 2
10 16
11 3
12 2
11 13
12 5
13 2
13 3
14 2
12 8
13 4
14 3
15 2
13 4
14 2
14 2
9 5
10 3
11 2
10 2
6 123
7 87
8 63
9 35
10 26
11 22
12 3
13 2
12 19
13 9
14 7
15 4
16 2
16 2
15 3
16 2
14 2
13 10
14 3
15 2
14 7
15 2
15 5
16 2
16 3
17 2
11 4
12 2
12 2
10 9
11 6
12 3
13 2
12 3
13 2
11 3
12 2
9 28
10 16
11 8
12 4
13 3
14 2
12 4
13 3
14 2
11 8
12 4
13 3
14 2
12 4
13 2
13 2
10 12
11 7
12 3
13 2
12 4
13 3
14 2
11 5
12 3
13 2
12 2
8 24
9 6
10 4
11 3
12 2
10 2
9 18
10 5
11 3
12 2
11 2
10 13
11 6
12 3
13 2
12 3
13 2
11 7
12 4
13 2
13 2
12 3
13 2
7 36
8 23
9 13
10 10
11 8
12 5
13 2
13 3
14 2
12 3
13 2
11 2
10 3
11 2
9 10
10 5
11 2
11 3
12 2
10 5
11 2
11 3
12 2
8 13
9 6
10 2
10 4
11 3
12 2
9 7
10 2
10 5
11 3
12 2
11 2
5 65
6 32
7 17
8 7
9 3
10 2
9 4
10 3
11 2
8 10
9 4
10 2
10 2
9 6
10 2
10 4
11 3
12 2
7 15
8 8
9 4
10 3
11 2
9 4
10 2
10 2
8 7
9 5
10 4
11 3
12 2
9 2
6 33
7 21
8 9
9 6
10 5
11 4
12 3
13 2
9 3
10 2
8 12
9 6
10 2
10 4
11 2
11 2
9 6
10 2
10 4
11 3
12 2
7 12
8 10
9 5
10 3
11 2
10 2
9 5
10 4
11 3
12 2
8 2
4 482
5 320
6 162
7 36
8 20
9 10
10 4
11 2
11 2
10 6
11 3
12 2
11 3
12 2
9 10
10 5
11 2
11 3
12 2
10 5
11 3
12 2
11 2
8 16
9 7
10 5
11 4
12 2
12 2
10 2
9 9
10 6
11 2
11 4
12 2
12 2
10 3
11 2
7 126
8 118
9 111
10 47
11 23
12 17
13 12
14 9
15 6
16 5
17 4
18 3
19 2
15 3
16 2
14 3
15 2
13 5
14 3
15 2
14 2
12 6
13 2
13 4
14 3
15 2
11 24
12 17
13 6
14 4
15 3
16 2
14 2
13 11
14 9
15 6
16 5
17 4
18 2
18 2
15 3
16 2
14 2
12 7
13 4
14 3
15 2
13 3
14 2
10 64
11 18
12 8
13 3
14 2
13 5
14 2
14 3
15 2
12 10
13 9
14 8
15 7
16 6
17 5
18 4
19 3
20 2
11 46
12 41
13 18
14 4
15 2
15 2
14 14
15 10
16 8
17 4
18 2
18 2
17 4
18 3
19 2
16 2
15 4
16 2
16 2
13 23
14 20
15 10
16 7
17 2
17 5
18 2
18 3
19 2
16 3
17 2
15 10
16 5
17 4
18 2
18 2
16 5
17 4
18 2
18 2
14 3
15 2
12 5
13 2
13 3
14 2
9 7
10 4
11 3
12 2
10 3
11 2
8 8
9 2
9 6
10 5
11 4
12 3
13 2
6 158
7 89
8 23
9 13
10 7
11 2
11 5
12 4
13 3
14 2
10 6
11 5
12 4
13 3
14 2
9 10
10 8
11 5
12 4
13 2
13 2
11 3
12 2
10 2
8 66
9 59
10 50
11 16
12 9
13 7
14 3
15 2
14 4
15 2
15 2
13 2
12 7
13 4
14 3
15 2
13 3
14 2
11 34
12 16
13 8
14 4
15 2
15 2
14 4
15 3
16 2
13 8
14 4
15 2
15 2
14 4
15 2
15 2
12 18
13 15
14 6
15 5
16 4
17 2
17 2
14 9
15 6
16 3
17 2
16 3
17 2
15 3
16 2
13 3
14 2
10 9
11 8
12 7
13 6
14 5
15 4
16 3
17 2
9 7
10 4
11 2
11 2
10 3
11 2
7 69
8 33
9 22
10 12
11 5
12 2
12 3
13 2
11 7
12 4
13 2
13 2
12 3
13 2
10 10
11 4
12 3
13 2
11 6
12 3
13 2
12 3
13 2
9 11
10 5
11 2
11 3
12 2
10 6
11 5
12 4
13 2
13 2
8 36
9 20
10 14
11 10
12 4
13 2
13 2
12 6
13 3
14 2
13 3
14 2
11 4
12 3
13 2
10 6
11 5
12 4
13 3
14 2
9 16
10 8
11 5
12 2
12 3
13 2
11 3
12 2
10 8
11 4
12 3
13 2
11 4
12 3
13 2
5 162
6 134
7 65
8 35
9 20
10 14
11 10
12 7
13 5
14 2
14 3
15 2
13 2
12 3
13 2
11 4
12 3
13 2
10 6
11 5
12 4
13 3
14 2
9 15
10 10
11 6
12 3
13 2
12 3
13 2
11 4
12 3
13 2
10 5
11 2
11 3
12 2
8 30
9 10
10 7
11 5
12 4
13 3
14 2
11 2
10 3
11 2
9 20
10 10
11 7
12 3
13 2
12 4
13 3
14 2
11 3
12 2
10 10
11 5
12 4
13 3
14 2
11 5
12 4
13 3
14 2
7 69
8 61
9 28
10 14
11 9
12 4
13 2
13 2
12 5
13 4
14 3
15 2
11 5
12 4
13 3
14 2
10 14
11 11
12 7
13 3
14 2
13 4
14 3
15 2
12 4
13 3
14 2
11 3
12 2
9 33
10 26
11 18
12 10
13 4
14 2
14 2
13 6
14 2
14 4
15 3
16 2
12 8
13 3
14 2
13 5
14 4
15 3
16 2
11 8
12 3
13 2
12 5
13 2
13 3
14 2
10 7
11 6
12 5
13 4
14 3
15 2
8 8
9 3
10 2
9 5
10 4
11 3
12 2
6 28
7 20
8 15
9 4
10 2
10 2
9 11
10 9
11 7
12 3
13 2
12 4
13 3
14 2
11 2
10 2
8 5
9 4
10 3
11 2
7 8
8 5
9 4
10 3
11 2
8 3
9 2
3 371
4 171
5 65
6 36
7 7
8 4
9 2
9 2
8 3
9 2
7 29
8 18
9 9
10 4
11 2
11 2
10 5
11 3
12 2
11 2
9 9
10 4
11 3
12 2
10 5
11 2
11 3
12 2
8 11
9 3
10 2
9 8
10 5
11 3
12 2
11 2
10 3
11 2
6 29
7 15
8 4
9 3
10 2
8 11
9 6
10 4
11 3
12 2
10 2
9 5
10 3
11 2
10 2
7 14
8 8
9 7
10 6
11 5
12 4
13 3
14 2
8 6
9 2
9 4
10 2
10 2
5 106
6 87
7 35
8 27
9 21
10 8
11 4
12 2
12 2
11 4
12 2
12 2
10 13
11 7
12 3
13 2
12 4
13 2
13 2
11 6
12 3
13 2
12 3
13 2
9 6
10 2
10 4
11 2
11 2
8 8
9 4
10 2
10 2
9 4
10 2
10 2
7 52
8 28
9 13
10 11
11 9
12 7
13 4
14 3
15 2
13 3
14 2
12 2
11 2
10 2
9 15
10 8
11 7
12 6
13 5
14 4
15 3
16 2
10 7
11 6
12 4
13 3
14 2
12 2
8 24
9 14
10 8
11 5
12 3
13 2
12 2
11 3
12 2
10 6
11 3
12 2
11 3
12 2
9 10
10 6
11 4
12 2
12 2
11 2
10 4
11 2
11 2
6 19
7 15
8 11
9 4
10 2
10 2
9 7
10 3
11 2
10 4
11 3
12 2
8 4
9 2
9 2
7 4
8 2
8 2
4 200
5 142
6 88
7 70
8 24
9 14
10 7
11 3
12 2
11 4
12 3
13 2
10 7
11 5
12 3
13 2
12 2
11 2
9 10
10 7
11 4
12 3
13 2
11 3
12 2
10 3
11 2
8 46
9 18
10 9
11 6
12 3
13 2
12 3
13 2
11 3
12 2
10 9
11 6
12 5
13 4
14 3
15 2
11 3
12 2
9 28
10 11
11 3
12 2
11 8
12 5
13 3
14 2
13 2
12 3
13 2
10 17
11 10
12 8
13 6
14 4
15 2
15 2
14 2
13 2
12 2
11 7
12 4
13 2
13 2
12 3
13 2
7 18
8 9
9 6
10 5
11 2
11 3
12 2
9 3
10 2
8 9
9 5
10 2
10 3
11 2
9 4
10 2
10 2
6 54
7 34
8 17
9 8
10 3
11 2
10 5
11 2
11 3
12 2
9 9
10 2
10 7
11 3
12 2
11 4
12 2
12 2
8 17
9 8
10 3
11 2
10 5
11 2
11 3
12 2
9 9
10 6
11 4
12 2
12 2
11 2
10 3
11 2
7 20
8 12
9 9
10 7
11 4
12 3
13 2
11 3
12 2
10 2
9 3
10 2
8 8
9 4
10 2
10 2
9 4
10 3
11 2
5 58
6 50
7 23
8 12
9 4
10 3
11 2
9 8
10 4
11 2
11 2
10 4
11 2
11 2
8 11
9 8
10 5
11 4
12 2
12 2
10 3
11 2
9 3
10 2
7 27
8 14
9 9
10 7
11 4
12 2
12 2
11 3
12 2
10 2
9 5
10 4
11 2
11 2
8 13
9 7
10 3
11 2
10 4
11 2
11 2
9 6
10 5
11 4
12 3
13 2
6 8
7 5
8 3
9 2
8 2
7 3
8 2
1 2305
2 1376
3 281
4 131
5 37
6 18
7 7
8 4
9 2
9 2
8 3
9 2
7 11
8 9
9 4
10 3
11 2
9 5
10 4
11 3
12 2
8 2
6 19
7 7
8 4
9 2
9 2
8 3
9 2
7 12
8 9
9 5
10 3
11 2
10 2
9 4
10 3
11 2
8 3
9 2
5 94
6 36
7 4
8 2
8 2
7 32
8 28
9 17
10 16
11 15
12 8
13 7
14 5
15 4
16 3
17 2
14 2
12 7
13 6
14 5
15 4
16 3
17 2
9 11
10 10
11 9
12 8
13 6
14 5
15 4
16 3
17 2
13 2
8 4
9 2
9 2
6 58
7 45
8 11
9 8
10 7
11 6
12 5
13 4
14 3
15 2
9 3
10 2
8 34
9 22
10 20
11 16
12 9
13 8
14 7
15 6
16 5
17 4
18 3
19 2
12 7
13 6
14 5
15 4
16 3
17 2
11 4
12 2
12 2
10 2
9 12
10 9
11 7
12 6
13 5
14 4
15 3
16 2
11 2
10 3
11 2
7 13
8 11
9 9
10 8
11 7
12 3
13 2
12 4
13 3
14 2
9 2
8 2
4 150
5 120
6 101
7 28
8 18
9 9
10 4
11 2
11 2
10 5
11 2
11 3
12 2
9 9
10 5
11 2
11 3
12 2
10 4
11 2
11 2
8 10
9 5
10 3
11 2
10 2
9 5
10 3
11 2
10 2
7 73
8 49
9 36
10 18
11 9
12 7
13 6
14 3
15 2
14 3
15 2
12 2
11 9
12 5
13 3
14 2
13 2
12 4
13 2
13 2
10 18
11 16
12 3
13 2
12 13
13 8
14 7
15 6
16 5
17 4
18 3
19 2
13 5
14 4
15 3
16 2
11 2
9 13
10 6
11 2
11 4
12 2
12 2
10 7
11 4
12 3
13 2
11 3
12 2
8 24
9 6
10 5
11 4
12 3
13 2
9 18
10 9
11 3
12 2
11 6
12 3
13 2
12 3
13 2
10 9
11 4
12 3
13 2
11 5
12 3
13 2
12 2
6 19
7 16
8 5
9 4
10 3
11 2
8 11
9 8
10 5
11 3
12 2
11 2
10 3
11 2
9 3
10 2
7 3
8 2
5 30
6 17
7 5
8 3
9 2
8 2
7 12
8 5
9 3
10 2
9 2
8 7
9 5
10 4
11 3
12 2
9 2
6 13
7 9
8 7
9 5
10 4
11 3
12 2
9 2
8 2
7 4
8 2
8 2
3 1095
4 939
5 249
6 178
7 152
8 101
9 64
10 29
11 21
12 9
13 5
14 2
14 3
15 2
13 4
14 2
14 2
12 12
13 8
14 4
15 2
15 2
14 4
15 2
15 2
13 4
14 2
14 2
11 8
12 3
13 2
12 5
13 3
14 2
13 2
10 35
11 24
12 15
13 10
14 3
15 2
14 7
15 4
16 2
16 2
15 3
16 2
13 5
14 3
15 2
14 2
12 9
13 5
14 2
14 3
15 2
13 4
14 2
14 2
11 11
12 7
13 3
14 2
13 4
14 3
15 2
12 4
13 2
13 2
9 37
10 25
11 14
12 8
13 3
14 2
13 5
14 4
15 2
15 2
12 6
13 2
13 4
14 2
14 2
11 11
12 6
13 3
14 2
13 3
14 2
12 5
13 3
14 2
13 2
10 12
11 6
12 3
13 2
12 3
13 2
11 6
12 3
13 2
12 3
13 2
8 51
9 27
10 9
11 4
12 2
12 2
11 5
12 3
13 2
12 2
10 18
11 9
12 4
13 2
13 2
12 5
13 2
13 3
14 2
11 9
12 5
13 2
13 3
14 2
12 4
13 2
13 2
9 24
10 15
11 8
12 4
13 2
13 2
12 4
13 2
13 2
11 7
12 2
12 5
13 3
14 2
13 2
10 9
11 5
12 2
12 3
13 2
11 4
12 2
12 2
7 26
8 14
9 7
10 3
11 2
10 4
11 2
11 2
9 7
10 4
11 3
12 2
10 3
11 2
8 12
9 6
10 3
11 2
10 3
11 2
9 6
10 3
11 2
10 3
11 2
6 71
7 37
8 30
9 19
10 15
11 10
12 5
13 3
14 2
13 2
12 5
13 4
14 3
15 2
11 5
12 3
13 2
12 2
10 4
11 2
11 2
9 11
10 7
11 3
12 2
11 4
12 2
12 2
10 4
11 2
11 2
8 7
9 3
10 2
9 4
10 2
10 2
7 34
8 21
9 10
10 4
11 2
11 2
10 6
11 2
11 4
12 2
12 2
9 11
10 4
11 2
11 2
10 7
11 3
12 2
11 4
12 3
13 2
8 13
9 7
10 4
11 2
11 2
10 3
11 2
9 6
10 3
11 2
10 3
11 2
5 690
6 382
7 275
8 191
9 110
10 98
11 57
12 45
13 18
14 4
15 2
15 2
14 14
15 4
16 2
16 2
15 10
16 5
17 4
18 3
19 2
16 5
17 4
18 2
18 2
13 27
14 14
15 6
16 4
17 3
18 2
16 2
15 8
16 2
16 6
17 3
18 2
17 3
18 2
14 13
15 6
16 3
17 2
16 3
17 2
15 7
16 5
17 4
18 2
18 2
16 2
12 12
13 7
14 3
15 2
14 4
15 2
15 2
13 5
14 4
15 2
15 2
11 41
12 28
13 14
14 10
15 5
16 4
17 2
17 2
15 5
16 4
17 3
18 2
14 4
15 3
16 2
13 14
14 11
15 9
16 8
17 2
17 6
18 4
19 3
20 2
18 2
15 2
14 3
15 2
12 13
13 11
14 7
15 3
16 2
15 4
16 2
16 2
14 4
15 3
16 2
13 2
10 12
11 9
12 8
13 6
14 5
15 4
16 3
17 2
13 2
11 3
12 2
9 81
10 68
11 53
12 31
13 15
14 3
15 2
14 12
15 9
16 7
17 6
18 4
19 2
19 2
18 2
16 2
15 3
16 2
13 16
14 9
15 5
16 4
17 2
17 2
15 4
16 2
16 2
14 7
15 5
16 4
17 2
17 2
15 2
12 22
13 10
14 5
15 3
16 2
15 2
14 5
15 2
15 3
16 2
13 12
14 6
15 3
16 2
15 3
16 2
14 6
15 3
16 2
15 3
16 2
11 15
12 7
13 3
14 2
13 4
14 2
14 2
12 8
13 6
14 3
15 2
14 3
15 2
13 2
10 13
11 10
12 2
12 8
13 4
14 3
15 2
13 4
14 3
15 2
11 3
12 2
8 84
9 65
10 55
11 40
12 27
13 14
14 8
15 4
16 2
16 2
15 4
16 3
17 2
14 6
15 3
16 2
15 3
16 2
13 13
14 6
15 4
16 3
17 2
15 2
14 7
15 4
16 2
16 2
15 3
16 2
12 13
13 9
14 2
14 7
15 6
16 2
16 4
17 2
17 2
13 4
14 2
14 2
11 15
12 8
13 5
14 2
14 3
15 2
13 3
14 2
12 7
13 3
14 2
13 4
14 3
15 2
10 10
11 6
12 3
13 2
12 3
13 2
11 4
12 2
12 2
9 19
10 15
11 12
12 9
13 7
14 4
15 3
16 2
14 3
15 2
13 2
12 3
13 2
11 3
12 2
10 4
11 2
11 2
7 107
8 53
9 40
10 24
11 13
12 6
13 3
14 2
13 3
14 2
12 7
13 4
14 2
14 2
13 3
14 2
11 11
12 5
13 2
13 3
14 2
12 6
13 3
14 2
13 3
14 2
10 16
11 10
12 6
13 3
14 2
13 3
14 2
12 4
13 2
13 2
11 6
12 3
13 2
12 3
13 2
9 13
10 5
11 3
12 2
11 2
10 8
11 4
12 3
13 2
11 4
12 3
13 2
8 54
9 36
10 30
11 18
12 9
13 7
14 3
15 2
14 4
15 2
15 2
13 2
12 9
13 5
14 3
15 2
14 2
13 4
14 2
14 2
11 12
12 9
13 2
13 7
14 4
15 3
16 2
14 3
15 2
12 3
13 2
10 6
11 3
12 2
11 3
12 2
9 18
10 9
11 3
12 2
11 6
12 4
13 3
14 2
12 2
10 9
11 5
12 3
13 2
12 2
11 4
12 2
12 2
6 308
7 276
8 53
9 29
10 20
11 17
12 5
13 2
13 3
14 2
12 12
13 10
14 7
15 3
16 2
15 4
16 2
16 2
14 3
15 2
13 2
11 3
12 2
10 9
11 4
12 2
12 2
11 5
12 2
12 3
13 2
9 24
10 14
11 9
12 7
13 3
14 2
13 4
14 3
15 2
12 2
11 5
12 2
12 3
13 2
10 10
11 6
12 3
13 2
12 3
13 2
11 4
12 2
12 2
8 223
9 68
10 33
11 19
12 15
13 12
14 10
15 8
16 4
17 3
18 2
16 4
17 2
17 2
15 2
14 2
13 3
14 2
12 4
13 2
13 2
11 14
12 7
13 3
14 2
13 4
14 2
14 2
12 7
13 4
14 2
14 2
13 3
14 2
10 35
11 18
12 10
13 5
14 4
15 2
15 2
13 5
14 2
14 3
15 2
12 8
13 4
14 2
14 2
13 4
14 2
14 2
11 17
12 5
13 3
14 2
13 2
12 12
13 6
14 3
15 2
14 3
15 2
13 6
14 3
15 2
14 3
15 2
9 155
10 90
11 45
12 39
13 24
14 17
15 15
16 7
17 5
18 4
19 2
19 2
17 2
16 8
17 6
18 5
19 3
20 2
19 2
17 2
15 2
14 7
15 3
16 2
15 4
16 2
16 2
13 15
14 11
15 8
16 4
17 3
18 2
16 4
17 3
18 2
15 3
16 2
14 4
15 2
15 2
12 6
13 3
14 2
13 3
14 2
11 45
12 24
13 10
14 7
15 6
16 4
17 2
17 2
16 2
14 3
15 2
13 14
14 5
15 3
16 2
15 2
14 9
15 5
16 4
17 2
17 2
15 4
16 2
16 2
12 21
13 16
14 9
15 4
16 3
17 2
15 5
16 3
17 2
16 2
14 7
15 3
16 2
15 4
16 3
17 2
13 5
14 3
15 2
14 2
10 65
11 39
12 33
13 18
14 9
15 3
16 2
15 6
16 4
17 2
17 2
16 2
14 9
15 5
16 2
16 3
17 2
15 4
16 2
16 2
13 15
14 10
15 8
16 6
17 5
18 2
18 3
19 2
16 2
15 2
14 5
15 2
15 3
16 2
12 6
13 4
14 2
14 2
13 2
11 26
12 13
13 8
14 4
15 2
15 2
14 4
15 2
15 2
13 5
14 2
14 3
15 2
12 13
13 10
14 8
15 4
16 3
17 2
15 4
16 2
16 2
14 2
13 3
14 2
7 32
8 23
9 17
10 13
11 10
12 8
13 6
14 5
15 4
16 3
17 2
13 2
12 2
11 3
12 2
10 4
11 2
11 2
9 6
10 3
11 2
10 3
11 2
8 9
9 5
10 2
10 3
11 2
9 4
10 2
10 2
4 156
5 90
6 43
7 27
8 10
9 6
10 3
11 2
10 3
11 2
9 4
10 3
11 2
8 17
9 9
10 4
11 2
11 2
10 5
11 4
12 2
12 2
9 8
10 6
11 4
12 3
13 2
11 2
10 2
7 16
8 12
9 9
10 2
10 7
11 3
12 2
11 4
12 2
12 2
9 3
10 2
8 4
9 2
9 2
6 47
7 21
8 11
9 9
10 4
11 2
11 2
10 5
11 2
11 3
12 2
9 2
8 10
9 7
10 5
11 2
11 3
12 2
10 2
9 3
10 2
7 26
8 8
9 3
10 2
9 5
10 2
10 3
11 2
8 18
9 9
10 4
11 2
11 2
10 5
11 3
12 2
11 2
9 9
10 5
11 2
11 3
12 2
10 4
11 2
11 2
5 66
6 13
7 7
8 5
9 3
10 2
9 2
8 2
7 6
8 3
9 2
8 3
9 2
6 53
7 36
8 14
9 7
10 4
11 2
11 2
10 3
11 2
9 7
10 5
11 2
11 3
12 2
10 2
8 22
9 18
10 13
11 8
12 4
13 2
13 2
12 4
13 2
13 2
11 5
12 2
12 3
13 2
10 5
11 3
12 2
11 2
9 4
10 2
10 2
7 17
8 9
9 5
10 3
11 2
10 2
9 4
10 2
10 2
8 8
9 2
9 6
10 3
11 2
10 3
11 2
2 929
3 689
4 414
5 246
6 170
7 88
8 44
9 22
10 15
11 8
12 2
12 6
13 5
14 3
15 2
14 2
11 7
12 3
13 2
12 4
13 3
14 2
10 7
11 4
12 2
12 2
11 3
12 2
9 22
10 17
11 14
12 11
13 8
14 2
14 6
15 3
16 2
15 3
16 2
13 3
14 2
12 3
13 2
11 3
12 2
10 5
11 3
12 2
11 2
8 44
9 21
10 11
11 8
12 6
13 4
14 2
14 2
13 2
12 2
11 3
12 2
10 10
11 5
12 2
12 3
13 2
11 5
12 4
13 3
14 2
9 23
10 17
11 12
12 7
13 3
14 2
13 4
14 2
14 2
12 5
13 2
13 3
14 2
11 5
12 2
12 3
13 2
10 6
11 4
12 2
12 2
11 2
7 82
8 57
9 30
10 15
11 7
12 5
13 4
14 3
15 2
12 2
11 8
12 2
12 6
13 2
13 4
14 3
15 2
10 15
11 10
12 7
13 6
14 5
15 4
16 3
17 2
12 3
13 2
11 5
12 2
12 3
13 2
9 27
10 18
11 11
12 5
13 4
14 3
15 2
12 6
13 2
13 4
14 2
14 2
11 7
12 3
13 2
12 4
13 2
13 2
10 9
11 4
12 3
13 2
11 5
12 4
13 3
14 2
8 25
9 10
10 5
11 3
12 2
11 2
10 5
11 3
12 2
11 2
9 15
10 6
11 3
12 2
11 3
12 2
10 9
11 4
12 3
13 2
11 5
12 4
13 3
14 2
6 76
7 35
8 20
9 9
10 7
11 6
12 5
13 4
14 3
15 2
10 2
9 11
10 8
11 4
12 3
13 2
11 4
12 3
13 2
10 3
11 2
8 15
9 9
10 4
11 3
12 2
10 5
11 2
11 3
12 2
9 6
10 4
11 3
12 2
10 2
7 41
8 21
9 17
10 3
11 2
10 14
11 10
12 8
13 3
14 2
13 5
14 3
15 2
14 2
12 2
11 4
12 2
12 2
9 4
10 2
10 2
8 20
9 8
10 2
10 6
11 3
12 2
11 3
12 2
9 12
10 3
11 2
10 9
11 7
12 6
13 5
14 4
15 3
16 2
11 2
5 168
6 77
7 39
8 21
9 10
10 5
11 2
11 3
12 2
10 5
11 2
11 3
12 2
9 11
10 5
11 2
11 3
12 2
10 6
11 3
12 2
11 3
12 2
8 18
9 10
10 4
11 2
11 2
10 6
11 3
12 2
11 3
12 2
9 8
10 5
11 3
12 2
11 2
10 3
11 2
7 38
8 25
9 20
10 8
11 5
12 4
13 3
14 2
11 3
12 2
10 12
11 10
12 8
13 2
13 6
14 5
15 3
16 2
15 2
12 2
11 2
9 5
10 2
10 3
11 2
8 13
9 6
10 3
11 2
10 3
11 2
9 7
10 3
11 2
10 4
11 3
12 2
6 91
7 23
8 19
9 16
10 11
11 4
12 2
12 2
11 7
12 6
13 5
14 4
15 3
16 2
10 5
11 4
12 3
13 2
9 3
10 2
8 4
9 2
9 2
7 68
8 49
9 31
10 17
11 11
12 5
13 4
14 3
15 2
12 6
13 2
13 4
14 2
14 2
11 6
12 2
12 4
13 2
13 2
10 14
11 8
12 5
13 4
14 3
15 2
12 3
13 2
11 6
12 3
13 2
12 3
13 2
9 18
10 10
11 5
12 2
12 3
13 2
11 5
12 2
12 3
13 2
10 8
11 5
12 2
12 3
13 2
11 3
12 2
8 19
9 10
10 5
11 3
12 2
11 2
10 5
11 2
11 3
12 2
9 9
10 6
11 4
12 2
12 2
11 2
10 3
11 2
4 275
5 192
6 161
7 101
8 51
9 20
10 12
11 5
12 2
12 3
13 2
11 7
12 3
13 2
12 4
13 2
13 2
10 8
11 4
12 3
13 2
11 4
12 3
13 2
9 31
10 15
11 8
12 4
13 2
13 2
12 4
13 2
13 2
11 7
12 3
13 2
12 4
13 2
13 2
10 16
11 8
12 3
13 2
12 5
13 4
14 3
15 2
11 8
12 3
13 2
12 5
13 2
13 3
14 2
8 50
9 28
10 15
11 7
12 3
13 2
12 4
13 3
14 2
11 8
12 6
13 5
14 4
15 3
16 2
12 2
10 13
11 5
12 3
13 2
12 2
11 8
12 4
13 3
14 2
12 4
13 3
14 2
9 22
10 9
11 4
12 3
13 2
11 5
12 3
13 2
12 2
10 13
11 6
12 4
13 2
13 2
12 2
11 7
12 2
12 5
13 2
13 3
14 2
7 60
8 34
9 19
10 14
11 7
12 5
13 4
14 2
14 2
12 2
11 7
12 4
13 3
14 2
12 3
13 2
10 5
11 2
11 3
12 2
9 15
10 4
11 3
12 2
10 11
11 5
12 3
13 2
12 2
11 6
12 4
13 2
13 2
12 2
8 26
9 20
10 13
11 11
12 10
13 9
14 8
15 6
16 5
17 4
18 3
19 2
15 2
11 2
10 7
11 6
12 4
13 3
14 2
12 2
9 6
10 3
11 2
10 3
11 2
6 31
7 22
8 17
9 8
10 5
11 4
12 3
13 2
10 3
11 2
9 9
10 7
11 5
12 2
12 3
13 2
11 2
10 2
8 5
9 4
10 3
11 2
7 9
8 4
9 3
10 2
8 5
9 4
10 3
11 2
5 83
6 65
7 55
8 20
9 16
10 13
11 11
12 7
13 4
14 2
14 2
13 3
14 2
12 4
13 2
13 2
11 2
10 3
11 2
9 4
10 2
10 2
8 35
9 21
10 7
11 2
11 5
12 3
13 2
12 2
10 14
11 11
12 4
13 3
14 2
12 7
13 6
14 4
15 2
15 2
14 2
11 3
12 2
9 14
10 4
11 3
12 2
10 10
11 5
12 3
13 2
12 2
11 5
12 2
12 3
13 2
7 10
8 7
9 6
10 5
11 4
12 3
13 2
8 3
9 2
6 18
7 11
8 5
9 3
10 2
9 2
8 6
9 3
10 2
9 3
10 2
7 7
8 2
8 5
9 4
10 3
11 2
3 240
4 205
5 189
6 148
7 139
8 108
9 47
10 30
11 24
12 12
13 10
14 8
15 3
16 2
15 5
16 3
17 2
16 2
14 2
13 2
12 12
13 6
14 3
15 2
14 3
15 2
13 6
14 3
15 2
14 3
15 2
11 6
12 3
13 2
12 3
13 2
10 17
11 5
12 4
13 3
14 2
11 12
12 10
13 9
14 8
15 7
16 6
17 5
18 4
19 3
20 2
12 2
9 61
10 15
11 7
12 6
13 5
14 4
15 3
16 2
11 8
12 4
13 3
14 2
12 4
13 3
14 2
10 46
11 31
12 13
13 6
14 3
15 2
14 3
15 2
13 7
14 3
15 2
14 4
15 2
15 2
12 18
13 4
14 2
14 2
13 14
14 4
15 3
16 2
14 10
15 5
16 3
17 2
16 2
15 5
16 4
17 3
18 2
11 15
12 6
13 3
14 2
13 3
14 2
12 9
13 5
14 2
14 3
15 2
13 4
14 3
15 2
8 31
9 15
10 11
11 6
12 5
13 4
14 2
14 2
11 5
12 2
12 3
13 2
10 4
11 3
12 2
9 16
10 12
11 3
12 2
11 9
12 7
13 4
14 3
15 2
13 3
14 2
12 2
10 4
11 2
11 2
7 9
8 4
9 2
9 2
8 5
9 3
10 2
9 2
6 41
7 29
8 17
9 11
10 7
11 3
12 2
11 4
12 2
12 2
10 4
11 3
12 2
9 6
10 4
11 2
11 2
10 2
8 12
9 6
10 3
11 2
10 3
11 2
9 6
10 3
11 2
10 3
11 2
7 12
8 9
9 6
10 3
11 2
10 3
11 2
9 3
10 2
8 3
9 2
5 16
6 8
7 2
7 6
8 5
9 4
10 2
10 2
6 8
7 5
8 4
9 3
10 2
7 3
8 2
4 35
5 11
6 6
7 5
8 4
9 3
10 2
6 5
7 4
8 3
9 2
5 24
6 18
7 5
8 4
9 3
10 2
7 13
8 12
9 11
10 10
11 9
12 8
13 5
14 4
15 3
16 2
13 3
14 2
6 6
7 3
8 2
7 3
8 2
