0 6927
1 6867
2 6843
3 6795
4 6751
5 6698
6 6664
7 6636
8 6618
9 6540
10 6510
11 6309
12 5706
13 5693
14 5651
15 5601
16 5529
17 5452
18 5416
19 5404
20 5392
21 5362
22 5075
23 5021
24 4981
25 4967
26 4912
27 4887
28 4541
29 4512
30 4491
31 4050
32 4037
33 3966
34 3912
35 3887
36 3823
37 3800
38 3742
39 3727
40 3711
41 3672
42 3660
43 3590
44 3566
45 3546
46 3514
47 3464
48 3441
49 3420
50 3402
51 3378
52 3352
53 3082
54 2853
55 2826
56 2763
57 2714
58 2702
59 2667
60 2652
61 2638
62 2587
63 2545
64 2447
65 2436
66 2304
67 2288
68 2282
69 2157
70 2139
71 2120
72 2027
73 1942
74 1737
75 1722
76 1709
77 1692
78 1677
79 1643
80 1553
81 1462
82 1430
83 1377
84 1361
85 1343
86 1292
87 16
88 8
89 7
90 6
91 5
92 4
93 3
94 2
88 8
89 7
90 6
91 5
92 4
93 3
94 2
87 1276
88 1192
89 1173
90 1146
91 1134
92 1100
93 1011
94 912
95 880
96 812
97 792
98 752
99 689
100 660
101 14
102 13
103 12
104 11
105 10
106 9
107 8
108 7
109 6
110 5
111 4
112 3
113 2
101 646
102 335
103 324
104 301
105 288
106 277
107 201
108 98
109 48
110 45
111 44
112 43
113 42
114 41
115 40
116 39
117 38
118 37
119 36
120 35
121 34
122 33
123 32
124 31
125 30
126 29
127 28
128 27
129 26
130 25
131 24
132 23
133 22
134 21
135 20
136 19
137 18
138 17
139 16
140 15
141 14
142 13
143 12
144 11
145 10
146 9
147 8
148 7
149 6
150 2
150 4
151 2
151 2
110 3
111 2
109 50
110 35
111 24
112 23
113 22
114 21
115 20
116 19
117 18
118 17
119 16
120 15
121 14
122 13
123 12
124 11
125 10
126 9
127 8
128 7
129 6
130 5
131 4
132 3
133 2
111 11
112 10
113 9
114 8
115 7
116 6
117 5
118 4
119 3
120 2
110 15
111 14
112 13
113 12
114 11
115 10
116 9
117 8
118 7
119 6
120 5
121 4
122 3
123 2
108 103
109 98
110 82
111 68
112 60
113 59
114 58
115 57
116 56
117 55
118 54
119 53
120 52
121 51
122 50
123 49
124 48
125 47
126 46
127 45
128 44
129 43
130 42
131 41
132 40
133 39
134 38
135 37
136 36
137 35
138 34
139 33
140 32
141 31
142 30
143 29
144 28
145 27
146 26
147 25
148 24
149 23
150 22
151 21
152 20
153 19
154 18
155 17
156 16
157 15
158 14
159 13
160 12
161 11
162 10
163 9
164 8
165 7
166 6
167 5
168 4
169 3
170 2
112 8
113 7
114 6
115 5
116 4
117 3
118 2
111 14
112 13
113 12
114 11
115 10
116 9
117 8
118 7
119 6
120 5
121 4
122 3
123 2
110 16
111 15
112 14
113 13
114 12
115 11
116 10
117 9
118 8
119 7
120 6
121 5
122 4
123 3
124 2
109 5
110 4
111 3
112 2
107 76
108 38
109 37
110 36
111 35
112 34
113 33
114 32
115 31
116 30
117 29
118 28
119 27
120 26
121 25
122 24
123 23
124 22
125 21
126 20
127 19
128 18
129 17
130 16
131 15
132 14
133 13
134 12
135 11
136 10
137 9
138 8
139 7
140 6
141 5
142 4
143 3
144 2
108 38
109 37
110 36
111 35
112 34
113 33
114 32
115 31
116 30
117 29
118 28
119 27
120 26
121 25
122 24
123 23
124 22
125 21
126 20
127 19
128 18
129 17
130 16
131 15
132 14
133 13
134 12
135 11
136 10
137 9
138 8
139 7
140 6
141 5
142 4
143 3
144 2
106 11
107 10
108 9
109 8
110 7
111 6
112 5
113 4
114 3
115 2
105 13
106 12
107 11
108 10
109 9
110 8
111 7
112 6
113 5
114 4
115 3
116 2
104 23
105 22
106 21
107 20
108 19
109 18
110 17
111 16
112 15
113 14
114 13
115 12
116 11
117 10
118 9
119 8
120 7
121 6
122 5
123 4
124 2
124 2
103 11
104 10
105 9
106 8
107 7
108 6
109 5
110 4
111 3
112 2
102 311
103 106
104 96
105 82
106 43
107 35
108 22
109 21
110 20
111 19
112 18
113 17
114 16
115 15
116 14
117 13
118 12
119 11
120 10
121 9
122 8
123 7
124 6
125 5
126 4
127 3
128 2
108 13
109 12
110 11
111 10
112 9
113 8
114 7
115 6
116 5
117 4
118 3
119 2
107 8
108 7
109 6
110 5
111 4
112 3
113 2
106 39
107 20
108 19
109 18
110 17
111 16
112 15
113 14
114 13
115 12
116 11
117 10
118 9
119 8
120 7
121 6
122 5
123 4
124 3
125 2
107 19
108 18
109 17
110 16
111 15
112 14
113 13
114 12
115 11
116 10
117 9
118 8
119 7
120 6
121 5
122 4
123 3
124 2
105 14
106 3
107 2
106 11
107 10
108 9
109 8
110 7
111 6
112 5
113 4
114 3
115 2
104 10
105 9
106 8
107 7
108 6
109 5
110 4
111 3
112 2
103 205
104 194
105 183
106 172
107 138
108 120
109 15
110 10
111 9
112 8
113 7
114 6
115 5
116 4
117 3
118 2
110 5
111 4
112 3
113 2
109 105
110 98
111 25
112 4
113 3
114 2
112 21
113 18
114 10
115 9
116 8
117 7
118 6
119 5
120 4
121 3
122 2
114 8
115 4
116 3
117 2
115 4
116 3
117 2
113 3
114 2
111 73
112 64
113 57
114 9
115 8
116 7
117 6
118 5
119 4
120 3
121 2
114 48
115 24
116 7
117 6
118 5
119 4
120 3
121 2
116 17
117 16
118 15
119 14
120 13
121 12
122 11
123 10
124 9
125 8
126 7
127 6
128 5
129 4
130 3
131 2
115 24
116 23
117 22
118 21
119 20
120 19
121 18
122 17
123 16
124 15
125 14
126 13
127 12
128 11
129 10
130 9
131 8
132 7
133 6
134 5
135 4
136 3
137 2
113 7
114 6
115 5
116 4
117 3
118 2
112 9
113 8
114 7
115 6
116 5
117 4
118 3
119 2
110 7
111 6
112 5
113 4
114 3
115 2
108 18
109 17
110 16
111 15
112 14
113 13
114 12
115 11
116 10
117 9
118 8
119 7
120 6
121 5
122 4
123 3
124 2
107 34
108 9
109 8
110 7
111 6
112 5
113 4
114 3
115 2
108 25
109 24
110 23
111 22
112 21
113 20
114 19
115 18
116 17
117 16
118 15
119 14
120 13
121 12
122 11
123 10
124 9
125 8
126 7
127 6
128 5
129 4
130 3
131 2
106 11
107 5
108 4
109 3
110 2
107 6
108 5
109 4
110 3
111 2
105 11
106 6
107 5
108 4
109 3
110 2
106 5
107 4
108 3
109 2
104 11
105 10
106 9
107 8
108 7
109 6
110 5
111 4
112 3
113 2
100 29
101 28
102 27
103 26
104 25
105 24
106 23
107 22
108 21
109 20
110 19
111 18
112 17
113 16
114 15
115 14
116 13
117 12
118 11
119 10
120 9
121 8
122 7
123 6
124 5
125 4
126 3
127 2
99 63
100 62
101 61
102 60
103 59
104 58
105 57
106 56
107 55
108 54
109 53
110 52
111 51
112 50
113 49
114 48
115 47
116 46
117 45
118 44
119 43
120 42
121 41
122 40
123 39
124 38
125 37
126 36
127 35
128 34
129 33
130 32
131 31
132 30
133 29
134 28
135 27
136 26
137 25
138 24
139 23
140 22
141 21
142 20
143 19
144 18
145 17
146 16
147 15
148 14
149 13
150 12
151 11
152 10
153 9
154 8
155 7
156 6
157 5
158 4
159 3
160 2
98 40
99 32
100 31
101 30
102 29
103 28
104 27
105 26
106 25
107 24
108 23
109 22
110 21
111 20
112 19
113 18
114 17
115 16
116 15
117 14
118 13
119 12
120 11
121 10
122 9
123 8
124 7
125 6
126 5
127 4
128 3
129 2
99 8
100 7
101 6
102 5
103 4
104 3
105 2
97 20
98 16
99 11
100 6
101 2
101 4
102 3
103 2
100 5
101 4
102 3
103 2
99 5
100 4
101 3
102 2
98 4
99 3
100 2
96 68
97 61
98 46
99 37
100 17
101 8
102 7
103 6
104 5
105 4
106 3
107 2
101 9
102 8
103 7
104 6
105 5
106 4
107 3
108 2
100 20
101 4
102 3
103 2
101 16
102 7
103 6
104 5
105 4
106 3
107 2
102 9
103 8
104 7
105 6
106 5
107 4
108 3
109 2
99 9
100 8
101 7
102 6
103 5
104 4
105 3
106 2
98 15
99 11
100 10
101 9
102 8
103 7
104 6
105 5
106 4
107 3
108 2
99 4
100 3
101 2
97 7
98 6
99 5
100 4
101 3
102 2
95 32
96 16
97 15
98 14
99 13
100 12
101 11
102 10
103 9
104 8
105 7
106 6
107 5
108 4
109 3
110 2
96 16
97 14
98 13
99 12
100 11
101 10
102 9
103 8
104 7
105 6
106 5
107 4
108 3
109 2
97 2
94 99
95 10
96 9
97 8
98 7
99 6
100 5
101 4
102 3
103 2
95 89
96 73
97 36
98 35
99 34
100 33
101 32
102 31
103 30
104 29
105 28
106 27
107 26
108 25
109 24
110 23
111 22
112 21
113 20
114 19
115 18
116 17
117 16
118 15
119 14
120 13
121 12
122 11
123 10
124 9
125 8
126 7
127 6
128 5
129 4
130 3
131 2
97 37
98 36
99 35
100 34
101 33
102 32
103 31
104 30
105 29
106 28
107 27
108 26
109 25
110 24
111 23
112 22
113 21
114 20
115 19
116 18
117 17
118 16
119 15
120 14
121 13
122 12
123 11
124 10
125 9
126 8
127 7
128 6
129 5
130 4
131 3
132 2
96 16
97 15
98 14
99 13
100 12
101 11
102 10
103 9
104 8
105 7
106 6
107 5
108 4
109 3
110 2
93 89
94 78
95 31
96 30
97 29
98 28
99 27
100 26
101 25
102 24
103 23
104 22
105 21
106 20
107 19
108 18
109 17
110 16
111 15
112 14
113 13
114 12
115 11
116 10
117 9
118 8
119 7
120 6
121 5
122 4
123 3
124 2
95 47
96 46
97 45
98 44
99 43
100 42
101 41
102 40
103 39
104 38
105 37
106 36
107 35
108 34
109 33
110 32
111 31
112 30
113 29
114 28
115 27
116 26
117 25
118 24
119 23
120 22
121 21
122 20
123 19
124 18
125 17
126 16
127 15
128 14
129 13
130 12
131 11
132 10
133 9
134 8
135 7
136 6
137 5
138 4
139 2
139 2
94 11
95 10
96 9
97 8
98 7
99 6
100 5
101 4
102 3
103 2
92 34
93 31
94 15
95 14
96 13
97 12
98 11
99 10
100 9
101 8
102 7
103 6
104 5
105 4
106 3
107 2
94 16
95 15
96 14
97 13
98 12
99 11
100 10
101 9
102 8
103 7
104 6
105 5
106 4
107 3
108 2
93 3
94 2
91 12
92 11
93 10
94 9
95 8
96 7
97 6
98 5
99 4
100 3
101 2
90 27
91 18
92 15
93 14
94 13
95 12
96 11
97 10
98 9
99 8
100 7
101 6
102 5
103 4
104 3
105 2
92 3
93 2
91 9
92 8
93 7
94 6
95 5
96 4
97 3
98 2
89 19
90 15
91 14
92 13
93 12
94 11
95 10
96 9
97 8
98 7
99 6
100 5
101 4
102 3
103 2
90 4
91 3
92 2
88 84
89 20
90 8
91 7
92 6
93 5
94 4
95 3
96 2
90 12
91 11
92 10
93 9
94 8
95 7
96 6
97 5
98 4
99 3
100 2
89 64
90 53
91 5
92 4
93 3
94 2
91 48
92 26
93 25
94 24
95 23
96 22
97 21
98 20
99 19
100 18
101 17
102 16
103 15
104 14
105 13
106 12
107 11
108 10
109 9
110 8
111 7
112 6
113 5
114 4
115 3
116 2
92 22
93 21
94 20
95 19
96 18
97 17
98 16
99 15
100 14
101 13
102 12
103 11
104 10
105 9
106 8
107 7
108 6
109 5
110 4
111 3
112 2
90 11
91 10
92 9
93 8
94 7
95 6
96 5
97 4
98 3
99 2
86 51
87 26
88 25
89 24
90 23
91 22
92 21
93 20
94 19
95 18
96 17
97 16
98 15
99 14
100 13
101 12
102 11
103 10
104 9
105 8
106 7
107 6
108 5
109 4
110 3
111 2
87 25
88 24
89 23
90 22
91 21
92 20
93 19
94 18
95 17
96 16
97 15
98 14
99 13
100 12
101 11
102 10
103 9
104 8
105 7
106 6
107 5
108 4
109 3
110 2
85 18
86 17
87 16
88 15
89 14
90 13
91 12
92 11
93 10
94 9
95 8
96 7
97 6
98 5
99 4
100 3
101 2
84 16
85 15
86 14
87 13
88 12
89 11
90 10
91 9
92 8
93 7
94 6
95 5
96 4
97 3
98 2
83 53
84 11
85 10
86 9
87 8
88 7
89 6
90 5
91 4
92 3
93 2
84 42
85 41
86 40
87 39
88 38
89 37
90 36
91 35
92 34
93 33
94 32
95 31
96 30
97 29
98 28
99 27
100 26
101 25
102 24
103 23
104 22
105 21
106 20
107 19
108 18
109 17
110 16
111 15
112 14
113 13
114 12
115 11
116 10
117 9
118 8
119 7
120 6
121 5
122 4
123 3
124 2
82 32
83 25
84 24
85 23
86 22
87 21
88 20
89 19
90 18
91 17
92 16
93 15
94 14
95 13
96 12
97 11
98 10
99 9
100 8
101 7
102 6
103 5
104 4
105 3
106 2
83 7
84 6
85 5
86 4
87 3
88 2
81 91
82 71
83 63
84 58
85 25
86 17
87 16
88 15
89 14
90 13
91 12
92 11
93 10
94 9
95 8
96 7
97 6
98 5
99 4
100 3
101 2
86 8
87 7
88 6
89 5
90 4
91 3
92 2
85 33
86 27
87 26
88 25
89 24
90 23
91 22
92 21
93 20
94 19
95 18
96 17
97 16
98 15
99 14
100 13
101 12
102 11
103 10
104 9
105 8
106 7
107 6
108 5
109 4
110 2
110 2
86 6
87 5
88 4
89 3
90 2
84 5
85 4
86 3
87 2
83 8
84 7
85 6
86 5
87 4
88 3
89 2
82 20
83 19
84 18
85 17
86 16
87 15
88 14
89 13
90 12
91 11
92 10
93 9
94 8
95 7
96 6
97 5
98 4
99 3
100 2
80 90
81 66
82 14
83 13
84 12
85 11
86 10
87 9
88 8
89 7
90 6
91 5
92 4
93 3
94 2
82 52
83 51
84 50
85 49
86 48
87 47
88 46
89 45
90 44
91 43
92 42
93 41
94 40
95 39
96 38
97 37
98 36
99 35
100 34
101 33
102 32
103 31
104 30
105 29
106 28
107 27
108 26
109 25
110 24
111 23
112 22
113 21
114 20
115 19
116 18
117 17
118 16
119 15
120 14
121 13
122 12
123 11
124 10
125 9
126 8
127 7
128 6
129 5
130 4
131 3
132 2
81 24
82 23
83 22
84 21
85 20
86 19
87 18
88 17
89 16
90 15
91 14
92 13
93 12
94 11
95 10
96 9
97 8
98 7
99 6
100 5
101 4
102 3
103 2
79 34
80 23
81 9
82 8
83 7
84 6
85 5
86 4
87 3
88 2
81 14
82 13
83 12
84 11
85 10
86 9
87 8
88 7
89 6
90 5
91 4
92 3
93 2
80 11
81 10
82 9
83 8
84 7
85 6
86 5
87 4
88 3
89 2
78 15
79 14
80 13
81 12
82 11
83 10
84 9
85 8
86 7
87 6
88 5
89 4
90 3
91 2
77 17
78 8
79 7
80 6
81 5
82 4
83 3
84 2
78 9
79 8
80 7
81 6
82 5
83 4
84 3
85 2
76 13
77 12
78 11
79 10
80 9
81 8
82 7
83 6
84 5
85 4
86 3
87 2
75 15
76 14
77 13
78 12
79 11
80 10
81 9
82 8
83 7
84 6
85 5
86 4
87 3
88 2
74 205
75 193
76 171
77 165
78 149
79 131
80 118
81 115
82 107
83 94
84 25
85 20
86 10
87 9
88 8
89 7
90 6
91 5
92 4
93 3
94 2
86 10
87 5
88 4
89 3
90 2
87 5
88 4
89 3
90 2
85 5
86 4
87 3
88 2
84 69
85 56
86 19
87 18
88 17
89 16
90 15
91 14
92 13
93 12
94 11
95 10
96 9
97 8
98 7
99 6
100 5
101 4
102 3
103 2
86 37
87 36
88 35
89 34
90 33
91 32
92 31
93 30
94 29
95 28
96 27
97 26
98 25
99 24
100 23
101 22
102 21
103 20
104 19
105 18
106 17
107 16
108 15
109 14
110 13
111 12
112 11
113 10
114 9
115 8
116 7
117 6
118 2
118 4
119 2
119 2
85 13
86 8
87 7
88 6
89 5
90 4
91 3
92 2
86 5
87 4
88 3
89 2
83 13
84 12
85 11
86 10
87 9
88 8
89 7
90 6
91 5
92 4
93 2
93 2
82 8
83 7
84 6
85 5
86 4
87 3
88 2
81 3
82 2
80 13
81 12
82 11
83 10
84 9
85 8
86 7
87 6
88 5
89 4
90 3
91 2
79 18
80 11
81 10
82 9
83 8
84 7
85 6
86 5
87 4
88 3
89 2
80 7
81 6
82 5
83 4
84 3
85 2
78 16
79 15
80 14
81 13
82 12
83 11
84 10
85 9
86 8
87 7
88 6
89 5
90 4
91 3
92 2
77 6
78 5
79 4
80 3
81 2
76 22
77 13
78 12
79 11
80 10
81 9
82 8
83 7
84 6
85 5
86 4
87 3
88 2
77 9
78 8
79 7
80 6
81 5
82 4
83 3
84 2
75 12
76 11
77 10
78 9
79 8
80 7
81 6
82 5
83 4
84 3
85 2
73 85
74 73
75 55
76 51
77 36
78 18
79 17
80 16
81 15
82 14
83 13
84 12
85 11
86 10
87 9
88 8
89 7
90 6
91 5
92 4
93 3
94 2
78 18
79 17
80 16
81 15
82 14
83 13
84 12
85 11
86 10
87 9
88 8
89 7
90 6
91 5
92 4
93 3
94 2
77 15
78 14
79 13
80 12
81 11
82 10
83 9
84 8
85 7
86 6
87 5
88 4
89 3
90 2
76 4
77 3
78 2
75 18
76 7
77 6
78 5
79 4
80 3
81 2
76 11
77 10
78 9
79 8
80 7
81 6
82 5
83 4
84 3
85 2
74 12
75 11
76 10
77 9
78 8
79 7
80 6
81 5
82 4
83 3
84 2
72 93
73 76
74 71
75 62
76 58
77 54
78 50
79 44
80 37
81 3
82 2
81 34
82 31
83 28
84 25
85 20
86 18
87 16
88 14
89 12
90 11
91 10
92 9
93 8
94 7
95 6
96 5
97 4
98 3
99 2
89 2
88 2
87 2
86 2
85 5
86 2
86 3
87 2
84 3
85 2
83 3
84 2
82 3
83 2
80 7
81 3
82 2
81 4
82 3
83 2
79 6
80 5
81 4
82 3
83 2
78 4
79 3
80 2
77 4
78 3
79 2
76 4
77 3
78 2
75 9
76 8
77 7
78 6
79 5
80 4
81 3
82 2
74 5
75 4
76 3
77 2
73 17
74 9
75 6
76 5
77 4
78 3
79 2
75 3
76 2
74 8
75 7
76 6
77 5
78 4
79 3
80 2
71 19
72 7
73 6
74 5
75 4
76 3
77 2
72 12
73 6
74 2
74 4
75 3
76 2
73 6
74 5
75 4
76 3
77 2
70 18
71 17
72 16
73 15
74 14
75 13
76 12
77 11
78 10
79 9
80 8
81 7
82 6
83 5
84 4
85 3
86 2
69 125
70 54
71 5
72 4
73 3
74 2
71 49
72 48
73 47
74 46
75 45
76 44
77 43
78 42
79 41
80 40
81 39
82 38
83 37
84 36
85 35
86 34
87 33
88 32
89 31
90 30
91 29
92 28
93 27
94 26
95 25
96 24
97 23
98 22
99 21
100 20
101 19
102 18
103 17
104 16
105 15
106 14
107 13
108 12
109 11
110 10
111 9
112 8
113 7
114 6
115 5
116 4
117 3
118 2
70 71
71 16
72 15
73 14
74 13
75 12
76 11
77 10
78 9
79 8
80 7
81 6
82 5
83 4
84 3
85 2
71 55
72 54
73 53
74 52
75 51
76 50
77 49
78 48
79 47
80 46
81 45
82 44
83 43
84 42
85 41
86 40
87 39
88 38
89 37
90 36
91 35
92 34
93 33
94 32
95 31
96 30
97 29
98 28
99 27
100 26
101 25
102 24
103 23
104 22
105 21
106 20
107 19
108 18
109 17
110 16
111 15
112 14
113 13
114 12
115 11
116 10
117 9
118 8
119 7
120 6
121 5
122 4
123 3
124 2
68 6
69 5
70 4
71 3
72 2
67 16
68 15
69 14
70 13
71 12
72 11
73 10
74 9
75 8
76 7
77 6
78 5
79 4
80 3
81 2
66 132
67 103
68 66
69 50
70 25
71 10
72 9
73 8
74 7
75 6
76 5
77 4
78 3
79 2
71 15
72 14
73 13
74 12
75 11
76 10
77 9
78 8
79 7
80 6
81 5
82 4
83 3
84 2
70 25
71 24
72 23
73 22
74 21
75 20
76 19
77 18
78 17
79 16
80 15
81 14
82 13
83 12
84 11
85 10
86 9
87 8
88 7
89 6
90 5
91 4
92 3
93 2
69 16
70 15
71 14
72 13
73 12
74 11
75 10
76 9
77 8
78 7
79 6
80 5
81 4
82 3
83 2
68 37
69 36
70 35
71 34
72 33
73 32
74 31
75 30
76 29
77 28
78 27
79 26
80 25
81 24
82 23
83 22
84 21
85 20
86 19
87 18
88 17
89 16
90 15
91 14
92 13
93 12
94 11
95 10
96 9
97 8
98 7
99 6
100 5
101 4
102 3
103 2
67 29
68 10
69 9
70 8
71 7
72 6
73 5
74 4
75 3
76 2
68 19
69 18
70 17
71 16
72 15
73 14
74 13
75 12
76 11
77 10
78 9
79 8
80 7
81 6
82 5
83 4
84 3
85 2
65 11
66 4
67 3
68 2
66 7
67 6
68 5
69 4
70 3
71 2
64 98
65 8
66 7
67 6
68 5
69 4
70 3
71 2
65 90
66 13
67 12
68 11
69 10
70 9
71 8
72 7
73 6
74 5
75 4
76 3
77 2
66 77
67 9
68 8
69 7
70 6
71 5
72 4
73 3
74 2
67 68
68 67
69 66
70 65
71 64
72 63
73 62
74 61
75 60
76 59
77 58
78 57
79 56
80 55
81 54
82 53
83 52
84 51
85 50
86 49
87 48
88 47
89 46
90 45
91 44
92 43
93 42
94 41
95 40
96 39
97 38
98 37
99 36
100 35
101 34
102 33
103 32
104 31
105 30
106 29
107 28
108 27
109 26
110 25
111 24
112 23
113 22
114 21
115 20
116 19
117 18
118 17
119 16
120 15
121 14
122 13
123 12
124 11
125 10
126 9
127 8
128 7
129 6
130 5
131 4
132 2
132 2
63 42
64 41
65 40
66 39
67 38
68 37
69 36
70 35
71 34
72 33
73 32
74 31
75 30
76 29
77 28
78 27
79 26
80 25
81 24
82 23
83 22
84 21
85 20
86 19
87 18
88 17
89 16
90 15
91 14
92 13
93 12
94 11
95 10
96 9
97 8
98 7
99 6
100 5
101 4
102 3
103 2
62 51
63 6
64 5
65 4
66 3
67 2
63 45
64 44
65 43
66 42
67 41
68 40
69 39
70 38
71 37
72 36
73 35
74 34
75 33
76 32
77 31
78 30
79 29
80 28
81 27
82 26
83 25
84 24
85 23
86 22
87 21
88 20
89 19
90 18
91 17
92 16
93 15
94 14
95 13
96 12
97 11
98 10
99 9
100 8
101 7
102 6
103 5
104 4
105 3
106 2
61 14
62 13
63 12
64 11
65 10
66 9
67 8
68 7
69 6
70 5
71 4
72 3
73 2
60 15
61 3
62 2
61 12
62 11
63 10
64 9
65 8
66 7
67 6
68 5
69 4
70 3
71 2
59 35
60 34
61 33
62 32
63 31
64 30
65 29
66 28
67 27
68 26
69 25
70 24
71 23
72 22
73 21
74 20
75 19
76 18
77 17
78 16
79 15
80 14
81 13
82 12
83 11
84 10
85 9
86 8
87 7
88 6
89 5
90 4
91 3
92 2
58 12
59 11
60 10
61 9
62 8
63 7
64 6
65 5
66 4
67 3
68 2
57 49
58 13
59 12
60 11
61 10
62 9
63 8
64 7
65 6
66 5
67 4
68 3
69 2
58 36
59 35
60 34
61 33
62 32
63 31
64 30
65 29
66 28
67 27
68 26
69 25
70 24
71 23
72 22
73 21
74 20
75 19
76 18
77 17
78 16
79 15
80 14
81 13
82 12
83 11
84 10
85 9
86 8
87 7
88 6
89 5
90 4
91 3
92 2
56 63
57 62
58 61
59 60
60 59
61 58
62 57
63 56
64 55
65 54
66 53
67 52
68 51
69 50
70 49
71 48
72 47
73 46
74 45
75 44
76 43
77 42
78 41
79 40
80 39
81 38
82 37
83 36
84 35
85 34
86 33
87 32
88 31
89 30
90 29
91 28
92 27
93 26
94 25
95 24
96 23
97 22
98 21
99 20
100 19
101 18
102 17
103 16
104 15
105 14
106 13
107 12
108 11
109 10
110 9
111 8
112 7
113 6
114 5
115 4
116 3
117 2
55 27
56 3
57 2
56 24
57 23
58 22
59 21
60 20
61 19
62 18
63 17
64 16
65 15
66 14
67 13
68 12
69 11
70 10
71 9
72 8
73 7
74 6
75 5
76 4
77 3
78 2
54 229
55 20
56 19
57 18
58 17
59 16
60 15
61 14
62 13
63 12
64 11
65 10
66 9
67 8
68 7
69 6
70 5
71 4
72 3
73 2
55 209
56 202
57 189
58 172
59 2
59 170
60 168
61 167
62 166
63 165
64 164
65 163
66 162
67 161
68 160
69 159
70 158
71 157
72 156
73 155
74 154
75 153
76 152
77 151
78 150
79 149
80 148
81 147
82 146
83 145
84 144
85 143
86 142
87 141
88 140
89 139
90 138
91 137
92 136
93 135
94 134
95 133
96 132
97 131
98 130
99 129
100 128
101 127
102 126
103 125
104 124
105 123
106 122
107 121
108 120
109 119
110 118
111 117
112 116
113 115
114 114
115 113
116 112
117 111
118 110
119 109
120 108
121 107
122 106
123 105
124 104
125 103
126 102
127 101
128 100
129 99
130 98
131 97
132 96
133 95
134 94
135 93
136 92
137 91
138 90
139 89
140 88
141 87
142 86
143 85
144 84
145 83
146 82
147 81
148 80
149 79
150 78
151 77
152 76
153 75
154 74
155 73
156 72
157 71
158 70
159 69
160 68
161 67
162 66
163 65
164 64
165 63
166 62
167 61
168 60
169 59
170 58
171 57
172 56
173 55
174 54
175 53
176 52
177 51
178 50
179 49
180 48
181 47
182 46
183 45
184 44
185 43
186 42
187 41
188 40
189 39
190 38
191 37
192 36
193 35
194 34
195 33
196 32
197 31
198 30
199 29
200 28
201 27
202 26
203 25
204 24
205 23
206 22
207 21
208 20
209 19
210 18
211 17
212 16
213 15
214 14
215 13
216 12
217 11
218 10
219 9
220 8
221 7
222 6
223 5
224 4
225 3
226 2
60 2
58 17
59 16
60 15
61 14
62 13
63 12
64 11
65 10
66 9
67 8
68 7
69 6
70 5
71 4
72 3
73 2
57 13
58 12
59 11
60 10
61 9
62 8
63 7
64 6
65 5
66 4
67 3
68 2
56 7
57 6
58 5
59 4
60 3
61 2
53 270
54 258
55 44
56 40
57 20
58 19
59 18
60 17
61 16
62 15
63 14
64 13
65 12
66 11
67 10
68 9
69 8
70 7
71 6
72 5
73 4
74 3
75 2
57 20
58 19
59 18
60 17
61 16
62 15
63 14
64 13
65 12
66 11
67 10
68 9
69 8
70 7
71 6
72 5
73 4
74 3
75 2
56 4
57 3
58 2
55 214
56 201
57 88
58 87
59 86
60 85
61 84
62 83
63 82
64 81
65 80
66 79
67 78
68 77
69 76
70 75
71 74
72 73
73 72
74 71
75 70
76 69
77 68
78 67
79 66
80 65
81 64
82 63
83 62
84 61
85 60
86 59
87 58
88 57
89 56
90 55
91 54
92 53
93 52
94 51
95 50
96 49
97 48
98 47
99 46
100 45
101 44
102 43
103 42
104 41
105 40
106 39
107 38
108 37
109 36
110 35
111 34
112 33
113 32
114 31
115 30
116 29
117 28
118 27
119 26
120 25
121 24
122 23
123 22
124 21
125 20
126 19
127 18
128 17
129 16
130 15
131 14
132 13
133 12
134 11
135 10
136 9
137 8
138 7
139 6
140 5
141 4
142 3
143 2
57 113
58 67
59 33
60 32
61 31
62 30
63 29
64 28
65 27
66 26
67 25
68 24
69 23
70 22
71 21
72 20
73 19
74 18
75 17
76 16
77 15
78 14
79 13
80 12
81 11
82 10
83 9
84 8
85 7
86 6
87 5
88 4
89 3
90 2
59 34
60 17
61 16
62 15
63 14
64 13
65 12
66 11
67 10
68 9
69 8
70 7
71 6
72 5
73 4
74 3
75 2
60 17
61 16
62 15
63 14
64 13
65 12
66 11
67 10
68 9
69 8
70 7
71 6
72 5
73 4
74 3
75 2
58 46
59 45
60 44
61 43
62 42
63 41
64 40
65 39
66 38
67 37
68 36
69 35
70 34
71 33
72 32
73 31
74 30
75 29
76 28
77 27
78 26
79 25
80 24
81 23
82 22
83 21
84 20
85 19
86 18
87 17
88 16
89 15
90 14
91 13
92 12
93 11
94 10
95 9
96 8
97 7
98 6
99 5
100 4
101 3
102 2
56 13
57 12
58 11
59 10
60 9
61 8
62 7
63 6
64 5
65 4
66 3
67 2
54 12
55 11
56 10
57 9
58 8
59 7
60 6
61 5
62 4
63 3
64 2
52 26
53 13
54 12
55 11
56 10
57 9
58 8
59 7
60 6
61 5
62 4
63 3
64 2
53 13
54 12
55 11
56 10
57 9
58 8
59 7
60 6
61 5
62 4
63 3
64 2
51 24
52 23
53 22
54 21
55 20
56 19
57 18
58 17
59 16
60 15
61 14
62 13
63 12
64 11
65 10
66 9
67 8
68 7
69 6
70 5
71 4
72 3
73 2
50 18
51 17
52 16
53 15
54 14
55 13
56 12
57 11
58 10
59 9
60 8
61 7
62 6
63 5
64 4
65 3
66 2
49 21
50 20
51 19
52 18
53 17
54 16
55 15
56 14
57 13
58 12
59 11
60 10
61 9
62 8
63 7
64 6
65 5
66 4
67 3
68 2
48 23
49 22
50 21
51 20
52 19
53 18
54 17
55 16
56 15
57 14
58 13
59 12
60 11
61 10
62 9
63 8
64 7
65 6
66 5
67 4
68 3
69 2
47 50
48 4
49 3
50 2
48 46
49 45
50 44
51 43
52 42
53 41
54 40
55 39
56 38
57 37
58 36
59 35
60 34
61 33
62 32
63 31
64 30
65 29
66 28
67 27
68 26
69 25
70 24
71 23
72 22
73 21
74 20
75 19
76 18
77 17
78 16
79 15
80 14
81 13
82 12
83 11
84 10
85 9
86 8
87 7
88 6
89 5
90 4
91 3
92 2
46 32
47 31
48 30
49 29
50 28
51 27
52 26
53 25
54 24
55 23
56 22
57 21
58 20
59 19
60 18
61 17
62 16
63 15
64 14
65 13
66 12
67 11
68 10
69 9
70 8
71 7
72 6
73 5
74 4
75 3
76 2
45 20
46 19
47 18
48 17
49 16
50 15
51 14
52 13
53 12
54 11
55 10
56 9
57 8
58 7
59 6
60 5
61 4
62 3
63 2
44 24
45 23
46 22
47 21
48 20
49 19
50 18
51 17
52 16
53 15
54 14
55 13
56 12
57 11
58 10
59 9
60 8
61 7
62 6
63 5
64 4
65 3
66 2
43 70
44 35
45 34
46 33
47 32
48 31
49 30
50 29
51 28
52 27
53 26
54 25
55 24
56 23
57 22
58 21
59 20
60 19
61 18
62 17
63 16
64 15
65 14
66 13
67 12
68 11
69 10
70 9
71 8
72 7
73 6
74 5
75 4
76 3
77 2
44 35
45 34
46 33
47 32
48 31
49 30
50 29
51 28
52 27
53 26
54 25
55 24
56 23
57 22
58 21
59 20
60 19
61 18
62 17
63 16
64 15
65 14
66 13
67 12
68 11
69 10
70 9
71 8
72 7
73 6
74 5
75 4
76 3
77 2
42 12
43 11
44 10
45 9
46 8
47 7
48 6
49 5
50 4
51 3
52 2
41 39
42 33
43 32
44 31
45 30
46 29
47 28
48 27
49 26
50 25
51 24
52 23
53 22
54 21
55 20
56 19
57 18
58 17
59 16
60 15
61 14
62 13
63 12
64 11
65 10
66 9
67 8
68 7
69 6
70 5
71 4
72 3
73 2
42 6
43 4
44 3
45 2
43 2
40 16
41 12
42 11
43 10
44 9
45 8
46 7
47 6
48 5
49 4
50 3
51 2
41 4
42 3
43 2
39 15
40 14
41 13
42 12
43 11
44 10
45 9
46 8
47 7
48 6
49 5
50 4
51 3
52 2
38 58
39 36
40 35
41 34
42 33
43 32
44 31
45 30
46 29
47 28
48 27
49 26
50 25
51 24
52 23
53 22
54 21
55 20
56 19
57 18
58 17
59 16
60 15
61 14
62 13
63 12
64 11
65 10
66 9
67 8
68 7
69 6
70 5
71 4
72 3
73 2
39 22
40 9
41 8
42 7
43 6
44 5
45 4
46 3
47 2
40 13
41 12
42 11
43 10
44 9
45 8
46 7
47 6
48 5
49 4
50 3
51 2
37 23
38 14
39 8
40 7
41 6
42 5
43 4
44 3
45 2
39 6
40 5
41 4
42 3
43 2
38 9
39 8
40 7
41 6
42 5
43 4
44 3
45 2
36 64
37 32
38 10
39 5
40 4
41 3
42 2
39 5
40 4
41 3
42 2
38 22
39 4
40 3
41 2
39 18
40 17
41 16
42 15
43 14
44 13
45 12
46 11
47 10
48 9
49 8
50 7
51 6
52 5
53 4
54 3
55 2
37 32
38 25
39 24
40 23
41 22
42 21
43 20
44 19
45 18
46 17
47 16
48 15
49 14
50 13
51 12
52 11
53 10
54 9
55 8
56 7
57 6
58 5
59 4
60 3
61 2
38 7
39 6
40 5
41 4
42 3
43 2
35 25
36 24
37 23
38 22
39 21
40 20
41 19
42 18
43 17
44 16
45 15
46 14
47 13
48 12
49 11
50 10
51 9
52 8
53 7
54 6
55 5
56 4
57 3
58 2
34 54
35 23
36 18
37 17
38 16
39 15
40 14
41 13
42 12
43 11
44 10
45 9
46 8
47 7
48 6
49 5
50 4
51 3
52 2
36 5
37 4
38 3
39 2
35 31
36 30
37 29
38 28
39 27
40 26
41 25
42 24
43 23
44 22
45 21
46 20
47 19
48 18
49 17
50 16
51 15
52 14
53 13
54 12
55 11
56 10
57 9
58 8
59 7
60 6
61 5
62 4
63 3
64 2
33 71
34 63
35 12
36 5
37 4
38 3
39 2
36 7
37 6
38 5
39 4
40 3
41 2
35 51
36 23
37 22
38 21
39 20
40 19
41 18
42 17
43 16
44 15
45 14
46 13
47 12
48 11
49 10
50 9
51 8
52 7
53 6
54 5
55 4
56 3
57 2
36 28
37 27
38 26
39 25
40 24
41 23
42 22
43 21
44 20
45 19
46 18
47 17
48 16
49 15
50 14
51 13
52 12
53 11
54 10
55 9
56 8
57 7
58 6
59 5
60 4
61 3
62 2
34 8
35 7
36 6
37 5
38 4
39 3
40 2
32 13
33 12
34 11
35 10
36 9
37 8
38 7
39 6
40 5
41 4
42 3
43 2
31 441
32 421
33 345
34 288
35 259
36 226
37 199
38 178
39 147
40 91
41 84
42 78
43 72
44 33
45 5
46 4
47 3
48 2
45 28
46 2
46 26
47 25
48 24
49 23
50 22
51 21
52 20
53 19
54 18
55 17
56 16
57 15
58 14
59 13
60 12
61 11
62 10
63 9
64 8
65 7
66 6
67 5
68 4
69 3
70 2
44 39
45 12
46 6
47 5
48 4
49 3
50 2
46 6
47 5
48 4
49 3
50 2
45 27
46 23
47 22
48 21
49 20
50 19
51 18
52 17
53 16
54 15
55 14
56 13
57 12
58 11
59 10
60 9
61 8
62 7
63 6
64 5
65 4
66 3
67 2
46 4
47 3
48 2
43 6
44 5
45 4
46 3
47 2
42 6
43 5
44 4
45 3
46 2
41 7
42 6
43 5
44 4
45 3
46 2
40 56
41 9
42 8
43 7
44 6
45 5
46 4
47 3
48 2
41 47
42 9
43 8
44 7
45 6
46 5
47 4
48 3
49 2
42 38
43 37
44 36
45 35
46 34
47 33
48 32
49 31
50 30
51 29
52 28
53 27
54 26
55 25
56 24
57 23
58 22
59 21
60 20
61 19
62 18
63 17
64 16
65 15
66 14
67 13
68 12
69 11
70 10
71 9
72 8
73 7
74 6
75 5
76 4
77 3
78 2
39 31
40 20
41 6
42 5
43 4
44 3
45 2
41 14
42 13
43 12
44 11
45 10
46 9
47 8
48 7
49 6
50 5
51 4
52 3
53 2
40 11
41 10
42 9
43 8
44 7
45 6
46 5
47 4
48 3
49 2
38 21
39 15
40 14
41 13
42 12
43 11
44 10
45 9
46 8
47 7
48 6
49 5
50 4
51 3
52 2
39 6
40 5
41 4
42 3
43 2
37 27
38 19
39 12
40 11
41 10
42 9
43 8
44 7
45 6
46 5
47 4
48 3
49 2
39 7
40 6
41 5
42 4
43 3
44 2
38 8
39 7
40 6
41 5
42 4
43 3
44 2
36 33
37 16
38 12
39 11
40 10
41 9
42 8
43 7
44 6
45 5
46 4
47 3
48 2
38 4
39 3
40 2
37 17
38 16
39 15
40 14
41 13
42 12
43 11
44 10
45 9
46 8
47 7
48 6
49 5
50 4
51 3
52 2
35 29
36 14
37 2
37 12
38 11
39 10
40 9
41 8
42 7
43 6
44 5
45 4
46 3
47 2
36 15
37 14
38 13
39 12
40 11
41 10
42 9
43 8
44 7
45 6
46 5
47 4
48 3
49 2
34 57
35 49
36 44
37 25
38 17
39 16
40 15
41 14
42 13
43 12
44 11
45 10
46 9
47 8
48 7
49 6
50 5
51 4
52 3
53 2
38 8
39 7
40 6
41 5
42 4
43 3
44 2
37 19
38 18
39 17
40 16
41 15
42 14
43 13
44 12
45 11
46 10
47 9
48 8
49 7
50 6
51 5
52 4
53 3
54 2
36 5
37 4
38 3
39 2
35 8
36 7
37 6
38 5
39 4
40 3
41 2
33 76
34 64
35 44
36 25
37 13
38 5
39 4
40 3
41 2
38 8
39 7
40 6
41 5
42 4
43 3
44 2
37 12
38 11
39 10
40 9
41 8
42 7
43 6
44 5
45 4
46 3
47 2
36 19
37 4
38 3
39 2
37 15
38 14
39 13
40 12
41 11
42 10
43 9
44 8
45 7
46 6
47 5
48 4
49 3
50 2
35 20
36 19
37 18
38 17
39 16
40 15
41 14
42 13
43 12
44 11
45 10
46 9
47 8
48 7
49 6
50 5
51 4
52 3
53 2
34 12
35 11
36 10
37 9
38 8
39 7
40 6
41 5
42 4
43 3
44 2
32 20
33 7
34 6
35 5
36 4
37 3
38 2
33 13
34 4
35 3
36 2
34 9
35 8
36 7
37 6
38 5
39 4
40 3
41 2
30 21
31 20
32 19
33 18
34 17
35 16
36 15
37 14
38 13
39 12
40 11
41 10
42 9
43 8
44 7
45 6
46 5
47 4
48 3
49 2
29 29
30 10
31 9
32 8
33 7
34 6
35 5
36 4
37 3
38 2
30 19
31 18
32 17
33 16
34 15
35 14
36 13
37 12
38 11
39 10
40 9
41 8
42 7
43 6
44 5
45 4
46 3
47 2
28 346
29 333
30 25
31 24
32 23
33 22
34 21
35 20
36 19
37 18
38 17
39 16
40 15
41 14
42 13
43 12
44 11
45 10
46 9
47 8
48 7
49 6
50 5
51 4
52 3
53 2
30 308
31 298
32 288
33 244
34 235
35 187
36 178
37 152
38 144
39 141
40 135
41 110
42 13
43 12
44 11
45 10
46 9
47 8
48 7
49 6
50 5
51 4
52 3
53 2
42 97
43 96
44 95
45 94
46 93
47 92
48 91
49 90
50 89
51 88
52 87
53 86
54 85
55 84
56 83
57 82
58 81
59 80
60 79
61 78
62 77
63 76
64 75
65 74
66 73
67 72
68 71
69 70
70 69
71 68
72 67
73 66
74 65
75 64
76 63
77 62
78 61
79 60
80 59
81 58
82 57
83 56
84 55
85 54
86 53
87 52
88 51
89 50
90 49
91 48
92 47
93 46
94 45
95 44
96 43
97 42
98 41
99 40
100 39
101 38
102 37
103 36
104 35
105 34
106 33
107 32
108 31
109 30
110 29
111 28
112 27
113 26
114 25
115 24
116 23
117 22
118 21
119 20
120 19
121 18
122 17
123 16
124 15
125 14
126 13
127 12
128 11
129 10
130 9
131 8
132 7
133 6
134 5
135 4
136 3
137 2
41 25
42 24
43 23
44 22
45 21
46 20
47 19
48 18
49 17
50 16
51 15
52 14
53 13
54 12
55 11
56 10
57 9
58 8
59 7
60 6
61 5
62 4
63 3
64 2
40 6
41 5
42 4
43 3
44 2
39 3
40 2
38 8
39 7
40 6
41 5
42 4
43 3
44 2
37 26
38 24
39 23
40 22
41 21
42 20
43 19
44 18
45 17
46 16
47 15
48 14
49 13
50 12
51 11
52 10
53 9
54 8
55 7
56 6
57 5
58 4
59 3
60 2
38 2
36 9
37 8
38 7
39 6
40 5
41 4
42 3
43 2
35 48
36 30
37 28
38 27
39 26
40 25
41 24
42 23
43 22
44 21
45 20
46 19
47 18
48 17
49 16
50 15
51 14
52 13
53 12
54 11
55 10
56 9
57 8
58 7
59 6
60 5
61 4
62 3
63 2
37 2
36 18
37 17
38 16
39 15
40 14
41 13
42 12
43 11
44 10
45 9
46 8
47 7
48 6
49 5
50 4
51 3
52 2
34 9
35 8
36 7
37 6
38 5
39 4
40 3
41 2
33 44
34 22
35 5
36 4
37 3
38 2
35 17
36 16
37 15
38 14
39 13
40 12
41 11
42 10
43 9
44 8
45 7
46 6
47 5
48 4
49 3
50 2
34 22
35 21
36 20
37 19
38 18
39 17
40 16
41 15
42 14
43 13
44 12
45 11
46 10
47 9
48 8
49 7
50 6
51 5
52 4
53 3
54 2
32 10
33 9
34 8
35 7
36 6
37 5
38 4
39 3
40 2
31 10
32 9
33 8
34 7
35 6
36 5
37 4
38 3
39 2
29 13
30 7
31 6
32 5
33 4
34 3
35 2
30 6
31 5
32 4
33 3
34 2
27 25
28 3
29 2
28 22
29 21
30 20
31 19
32 18
33 17
34 16
35 15
36 14
37 13
38 12
39 11
40 10
41 9
42 8
43 7
44 6
45 5
46 4
47 3
48 2
26 55
27 23
28 22
29 21
30 20
31 19
32 18
33 17
34 16
35 15
36 14
37 13
38 12
39 11
40 10
41 9
42 8
43 7
44 6
45 5
46 4
47 3
48 2
27 32
28 31
29 30
30 29
31 28
32 27
33 26
34 25
35 24
36 23
37 22
38 21
39 20
40 19
41 18
42 17
43 16
44 15
45 14
46 13
47 12
48 11
49 10
50 9
51 8
52 7
53 6
54 5
55 4
56 3
57 2
25 14
26 13
27 12
28 11
29 10
30 9
31 8
32 7
33 6
34 5
35 4
36 3
37 2
24 40
25 32
26 26
27 18
28 17
29 16
30 15
31 14
32 13
33 12
34 11
35 10
36 9
37 8
38 7
39 6
40 5
41 4
42 3
43 2
27 8
28 7
29 6
30 5
31 4
32 3
33 2
26 6
27 5
28 4
29 3
30 2
25 8
26 7
27 6
28 5
29 4
30 3
31 2
23 54
24 7
25 6
26 5
27 4
28 3
29 2
24 47
25 46
26 45
27 44
28 43
29 42
30 41
31 40
32 39
33 38
34 37
35 36
36 35
37 34
38 33
39 32
40 31
41 30
42 29
43 28
44 27
45 26
46 25
47 24
48 23
49 22
50 21
51 20
52 19
53 18
54 17
55 16
56 15
57 14
58 13
59 12
60 11
61 10
62 9
63 8
64 7
65 6
66 5
67 4
68 3
69 2
22 287
23 102
24 95
25 79
26 71
27 17
28 6
29 5
30 4
31 3
32 2
28 11
29 5
30 4
31 3
32 2
29 6
30 5
31 4
32 3
33 2
27 54
28 42
29 41
30 40
31 39
32 38
33 37
34 36
35 35
36 34
37 33
38 32
39 31
40 30
41 29
42 28
43 27
44 26
45 25
46 24
47 23
48 22
49 21
50 20
51 19
52 18
53 17
54 16
55 15
56 14
57 13
58 12
59 11
60 10
61 9
62 8
63 7
64 6
65 5
66 4
67 3
68 2
28 12
29 10
30 9
31 8
32 7
33 6
34 5
35 4
36 3
37 2
29 2
26 8
27 5
28 4
29 3
30 2
27 3
28 2
25 16
26 15
27 14
28 13
29 12
30 11
31 10
32 9
33 8
34 7
35 6
36 5
37 4
38 3
39 2
24 7
25 6
26 5
27 4
28 3
29 2
23 185
24 150
25 125
26 74
27 70
28 57
29 16
30 15
31 14
32 13
33 12
34 11
35 10
36 9
37 8
38 7
39 6
40 5
41 4
42 3
43 2
29 41
30 16
31 11
32 10
33 9
34 8
35 7
36 6
37 5
38 4
39 3
40 2
31 5
32 4
33 3
34 2
30 25
31 10
32 9
33 8
34 7
35 6
36 5
37 4
38 3
39 2
31 15
32 14
33 13
34 12
35 11
36 10
37 9
38 8
39 7
40 6
41 5
42 4
43 3
44 2
28 13
29 12
30 11
31 10
32 9
33 8
34 7
35 6
36 5
37 4
38 3
39 2
27 4
28 3
29 2
26 51
27 13
28 12
29 11
30 10
31 9
32 8
33 7
34 6
35 5
36 4
37 3
38 2
27 38
28 37
29 36
30 35
31 34
32 33
33 32
34 31
35 30
36 29
37 28
38 27
39 26
40 25
41 24
42 23
43 22
44 21
45 20
46 19
47 18
48 17
49 16
50 15
51 14
52 13
53 12
54 11
55 10
56 9
57 8
58 7
59 6
60 5
61 4
62 3
63 2
25 25
26 16
27 15
28 14
29 13
30 12
31 11
32 10
33 9
34 8
35 7
36 6
37 5
38 4
39 3
40 2
26 9
27 8
28 7
29 6
30 5
31 4
32 3
33 2
24 35
25 16
26 8
27 7
28 6
29 5
30 4
31 3
32 2
26 8
27 7
28 6
29 5
30 4
31 3
32 2
25 19
26 12
27 11
28 10
29 9
30 8
31 7
32 6
33 5
34 4
35 3
36 2
26 7
27 6
28 5
29 4
30 3
31 2
21 30
22 29
23 28
24 27
25 26
26 25
27 24
28 23
29 22
30 21
31 20
32 19
33 18
34 17
35 16
36 15
37 14
38 13
39 12
40 11
41 10
42 9
43 8
44 7
45 6
46 5
47 4
48 3
49 2
20 12
21 11
22 10
23 9
24 8
25 7
26 6
27 5
28 4
29 3
30 2
19 12
20 11
21 10
22 9
23 8
24 7
25 6
26 5
27 4
28 3
29 2
18 36
19 13
20 12
21 11
22 10
23 9
24 8
25 7
26 6
27 5
28 4
29 3
30 2
19 23
20 22
21 21
22 20
23 19
24 18
25 17
26 16
27 15
28 14
29 13
30 12
31 11
32 10
33 9
34 8
35 7
36 6
37 5
38 4
39 3
40 2
17 77
18 27
19 26
20 25
21 24
22 23
23 22
24 21
25 20
26 19
27 18
28 17
29 16
30 15
31 14
32 13
33 12
34 11
35 10
36 9
37 8
38 7
39 6
40 5
41 4
42 3
43 2
18 50
19 39
20 24
21 4
22 3
23 2
21 20
22 19
23 18
24 17
25 16
26 15
27 14
28 13
29 12
30 11
31 10
32 9
33 8
34 7
35 6
36 5
37 4
38 3
39 2
20 15
21 14
22 13
23 12
24 11
25 10
26 9
27 8
28 7
29 6
30 5
31 4
32 3
33 2
19 11
20 10
21 9
22 8
23 7
24 6
25 5
26 4
27 3
28 2
16 72
17 68
18 67
19 66
20 65
21 64
22 63
23 62
24 61
25 60
26 59
27 58
28 57
29 56
30 55
31 54
32 53
33 52
34 51
35 50
36 49
37 48
38 47
39 46
40 45
41 44
42 43
43 42
44 41
45 40
46 39
47 38
48 37
49 36
50 35
51 34
52 33
53 32
54 31
55 30
56 29
57 28
58 27
59 26
60 25
61 24
62 23
63 22
64 21
65 20
66 19
67 18
68 17
69 16
70 15
71 14
72 13
73 12
74 11
75 10
76 9
77 8
78 7
79 6
80 5
81 4
82 3
83 2
17 4
18 3
19 2
15 50
16 28
17 26
18 13
19 12
20 11
21 10
22 9
23 8
24 7
25 6
26 5
27 4
28 3
29 2
18 13
19 12
20 11
21 10
22 9
23 8
24 7
25 6
26 5
27 4
28 3
29 2
17 2
16 22
17 21
18 20
19 19
20 18
21 17
22 16
23 15
24 14
25 13
26 12
27 11
28 10
29 9
30 8
31 7
32 6
33 5
34 4
35 3
36 2
14 42
15 6
16 5
17 4
18 3
19 2
15 36
16 35
17 34
18 33
19 32
20 31
21 30
22 29
23 28
24 27
25 26
26 25
27 24
28 23
29 22
30 21
31 20
32 19
33 18
34 17
35 16
36 15
37 14
38 13
39 12
40 11
41 10
42 9
43 8
44 7
45 6
46 5
47 4
48 3
49 2
13 13
14 12
15 11
16 10
17 9
18 8
19 7
20 6
21 5
22 4
23 3
24 2
12 603
13 256
14 241
15 188
16 74
17 44
18 22
19 21
20 20
21 19
22 18
23 17
24 16
25 15
26 14
27 13
28 12
29 11
30 10
31 9
32 8
33 7
34 6
35 5
36 4
37 3
38 2
18 22
19 21
20 20
21 19
22 18
23 17
24 16
25 15
26 14
27 13
28 12
29 11
30 10
31 9
32 8
33 7
34 6
35 5
36 4
37 3
38 2
17 30
18 29
19 28
20 27
21 26
22 25
23 24
24 23
25 22
26 21
27 20
28 19
29 18
30 17
31 16
32 15
33 14
34 13
35 12
36 11
37 10
38 9
39 8
40 7
41 6
42 5
43 4
44 3
45 2
16 114
17 19
18 8
19 7
20 6
21 5
22 4
23 3
24 2
18 11
19 10
20 9
21 8
22 7
23 6
24 5
25 4
26 3
27 2
17 95
18 14
19 13
20 12
21 11
22 10
23 9
24 8
25 7
26 6
27 5
28 4
29 3
30 2
18 81
19 50
20 49
21 48
22 47
23 46
24 45
25 44
26 43
27 42
28 41
29 40
30 39
31 38
32 37
33 36
34 35
35 34
36 33
37 32
38 31
39 30
40 29
41 28
42 27
43 26
44 25
45 24
46 23
47 22
48 21
49 20
50 19
51 18
52 17
53 16
54 15
55 14
56 13
57 12
58 11
59 10
60 9
61 8
62 7
63 6
64 5
65 4
66 3
67 2
19 31
20 30
21 29
22 28
23 27
24 26
25 25
26 24
27 23
28 22
29 21
30 20
31 19
32 18
33 17
34 16
35 15
36 14
37 13
38 12
39 11
40 10
41 9
42 8
43 7
44 6
45 5
46 4
47 3
48 2
15 53
16 43
17 32
18 8
19 7
20 6
21 5
22 4
23 3
24 2
18 24
19 10
20 9
21 8
22 7
23 6
24 5
25 4
26 3
27 2
19 14
20 13
21 12
22 11
23 10
24 9
25 8
26 7
27 6
28 5
29 4
30 3
31 2
17 11
18 10
19 9
20 8
21 7
22 6
23 5
24 4
25 3
26 2
16 10
17 9
18 8
19 7
20 6
21 5
22 4
23 3
24 2
14 15
15 3
16 2
15 12
16 11
17 10
18 9
19 8
20 7
21 6
22 5
23 4
24 3
25 2
13 347
14 292
15 56
16 42
17 36
18 32
19 20
20 19
21 18
22 17
23 16
24 15
25 14
26 13
27 12
28 11
29 10
30 9
31 8
32 7
33 6
34 5
35 4
36 3
37 2
19 12
20 2
20 10
21 9
22 8
23 7
24 6
25 5
26 4
27 3
28 2
18 4
19 3
20 2
17 6
18 5
19 4
20 3
21 2
16 14
17 13
18 12
19 11
20 10
21 9
22 8
23 7
24 6
25 5
26 4
27 3
28 2
15 236
16 227
17 146
18 129
19 113
20 104
21 88
22 17
23 12
24 11
25 10
26 9
27 8
28 7
29 6
30 5
31 4
32 3
33 2
23 5
24 4
25 3
26 2
22 71
23 30
24 29
25 28
26 27
27 26
28 25
29 24
30 23
31 22
32 21
33 20
34 19
35 18
36 17
37 16
38 15
39 14
40 13
41 12
42 11
43 10
44 9
45 8
46 7
47 6
48 5
49 4
50 3
51 2
23 41
24 23
25 11
26 10
27 9
28 8
29 7
30 6
31 5
32 4
33 3
34 2
25 12
26 11
27 10
28 9
29 8
30 7
31 6
32 5
33 4
34 3
35 2
24 18
25 17
26 16
27 15
28 14
29 13
30 12
31 11
32 10
33 9
34 8
35 7
36 6
37 5
38 4
39 3
40 2
21 16
22 15
23 14
24 13
25 12
26 11
27 10
28 9
29 8
30 7
31 6
32 5
33 4
34 3
35 2
20 9
21 8
22 7
23 6
24 5
25 4
26 3
27 2
19 16
20 15
21 14
22 13
23 12
24 11
25 10
26 9
27 8
28 7
29 6
30 5
31 4
32 3
33 2
18 17
19 16
20 15
21 14
22 13
23 12
24 11
25 10
26 9
27 8
28 7
29 6
30 5
31 4
32 3
33 2
17 81
18 64
19 32
20 31
21 30
22 29
23 28
24 27
25 26
26 25
27 24
28 23
29 22
30 21
31 20
32 19
33 18
34 17
35 16
36 15
37 14
38 13
39 12
40 11
41 10
42 9
43 8
44 7
45 6
46 5
47 4
48 3
49 2
19 32
20 31
21 30
22 29
23 28
24 27
25 26
26 25
27 24
28 23
29 22
30 21
31 20
32 19
33 18
34 17
35 16
36 15
37 14
38 13
39 12
40 11
41 10
42 9
43 8
44 7
45 6
46 5
47 4
48 3
49 2
18 17
19 6
20 5
21 4
22 3
23 2
19 11
20 10
21 9
22 8
23 7
24 6
25 5
26 4
27 3
28 2
16 9
17 8
18 7
19 6
20 5
21 4
22 3
23 2
14 55
15 17
16 8
17 7
18 6
19 5
20 4
21 3
22 2
16 9
17 8
18 7
19 6
20 5
21 4
22 3
23 2
15 38
16 8
17 7
18 6
19 5
20 4
21 3
22 2
16 30
17 29
18 28
19 27
20 26
21 25
22 24
23 23
24 22
25 21
26 20
27 19
28 18
29 17
30 16
31 15
32 14
33 13
34 12
35 11
36 10
37 9
38 8
39 7
40 6
41 5
42 4
43 3
44 2
11 201
12 178
13 139
14 46
15 9
16 8
17 7
18 6
19 5
20 4
21 3
22 2
15 37
16 36
17 35
18 34
19 33
20 32
21 31
22 30
23 29
24 28
25 27
26 26
27 25
28 24
29 23
30 22
31 21
32 20
33 19
34 18
35 17
36 16
37 15
38 14
39 13
40 12
41 11
42 10
43 9
44 8
45 7
46 6
47 5
48 4
49 3
50 2
14 93
15 70
16 35
17 34
18 33
19 32
20 31
21 30
22 29
23 28
24 27
25 26
26 25
27 24
28 23
29 22
30 21
31 20
32 19
33 18
34 17
35 16
36 15
37 14
38 13
39 12
40 11
41 10
42 9
43 8
44 7
45 6
46 5
47 4
48 3
49 2
16 35
17 34
18 33
19 32
20 31
21 30
22 29
23 28
24 27
25 26
26 25
27 24
28 23
29 22
30 21
31 20
32 19
33 18
34 17
35 16
36 15
37 14
38 13
39 12
40 11
41 10
42 9
43 8
44 7
45 6
46 5
47 4
48 3
49 2
15 23
16 22
17 21
18 20
19 19
20 18
21 17
22 16
23 15
24 14
25 13
26 12
27 11
28 10
29 9
30 8
31 7
32 6
33 5
34 4
35 3
36 2
13 39
14 19
15 18
16 17
17 16
18 15
19 14
20 13
21 12
22 11
23 10
24 9
25 8
26 7
27 6
28 5
29 4
30 3
31 2
14 20
15 19
16 18
17 17
18 16
19 15
20 14
21 13
22 12
23 11
24 10
25 9
26 8
27 7
28 6
29 5
30 4
31 3
32 2
12 23
13 19
14 18
15 17
16 16
17 15
18 14
19 13
20 12
21 11
22 10
23 9
24 8
25 7
26 6
27 5
28 4
29 3
30 2
13 4
14 3
15 2
10 30
11 24
12 23
13 22
14 21
15 20
16 19
17 18
18 17
19 16
20 15
21 14
22 13
23 12
24 11
25 10
26 9
27 8
28 7
29 6
30 5
31 4
32 3
33 2
11 6
12 5
13 4
14 3
15 2
9 78
10 56
11 55
12 54
13 53
14 52
15 51
16 50
17 49
18 48
19 47
20 46
21 45
22 44
23 43
24 42
25 41
26 40
27 39
28 38
29 37
30 36
31 35
32 34
33 33
34 32
35 31
36 30
37 29
38 28
39 27
40 26
41 25
42 24
43 23
44 22
45 21
46 20
47 19
48 18
49 17
50 16
51 15
52 14
53 13
54 12
55 11
56 10
57 9
58 8
59 7
60 6
61 5
62 4
63 3
64 2
10 22
11 21
12 20
13 19
14 18
15 17
16 16
17 15
18 14
19 13
20 12
21 11
22 10
23 9
24 8
25 7
26 6
27 5
28 4
29 3
30 2
8 18
9 17
10 16
11 15
12 14
13 13
14 12
15 11
16 10
17 9
18 8
19 7
20 6
21 5
22 4
23 3
24 2
7 28
8 27
9 26
10 25
11 24
12 23
13 22
14 21
15 20
16 19
17 18
18 17
19 16
20 15
21 14
22 13
23 12
24 11
25 10
26 9
27 8
28 7
29 6
30 5
31 4
32 3
33 2
6 34
7 33
8 32
9 31
10 30
11 29
12 28
13 27
14 26
15 25
16 24
17 23
18 22
19 21
20 20
21 19
22 18
23 17
24 16
25 15
26 14
27 13
28 12
29 11
30 10
31 9
32 8
33 7
34 6
35 5
36 4
37 3
38 2
5 53
6 14
7 13
8 12
9 11
10 10
11 9
12 8
13 7
14 6
15 5
16 4
17 3
18 2
6 39
7 38
8 37
9 36
10 35
11 34
12 33
13 32
14 31
15 30
16 29
17 28
18 27
19 26
20 25
21 24
22 23
23 22
24 21
25 20
26 19
27 18
28 17
29 16
30 15
31 14
32 13
33 12
34 11
35 10
36 9
37 8
38 7
39 6
40 5
41 4
42 3
43 2
4 44
5 25
6 24
7 23
8 22
9 21
10 20
11 19
12 18
13 17
14 16
15 15
16 14
17 13
18 12
19 11
20 10
21 9
22 8
23 7
24 6
25 5
26 4
27 3
28 2
5 19
6 18
7 17
8 16
9 15
10 14
11 13
12 12
13 11
14 10
15 9
16 8
17 7
18 6
19 5
20 4
21 3
22 2
3 48
4 23
5 22
6 21
7 20
8 19
9 18
10 17
11 16
12 15
13 14
14 13
15 12
16 11
17 10
18 9
19 8
20 7
21 6
22 5
23 4
24 3
25 2
4 25
5 24
6 23
7 22
8 21
9 20
10 19
11 18
12 17
13 16
14 15
15 14
16 13
17 12
18 11
19 10
20 9
21 8
22 7
23 6
24 5
25 4
26 3
27 2
2 24
3 23
4 22
5 21
6 20
7 19
8 18
9 17
10 16
11 15
12 14
13 13
14 12
15 11
16 10
17 9
18 8
19 7
20 6
21 5
22 4
23 3
24 2
1 60
2 59
3 58
4 57
5 56
6 55
7 54
8 53
9 52
10 51
11 50
12 49
13 48
14 47
15 46
16 45
17 44
18 43
19 42
20 41
21 40
22 39
23 38
24 37
25 36
26 35
27 34
28 33
29 32
30 31
31 30
32 29
33 28
34 27
35 26
36 25
37 24
38 23
39 22
40 21
41 20
42 19
43 18
44 17
45 16
46 15
47 14
48 13
49 12
50 11
51 10
52 9
53 8
54 7
55 6
56 5
57 4
58 3
59 2
